0,1,0.0
1.0,1,0.118
1.0,0,0.208
1.0,0,0.33
1.0,0,0.422
1.0,0,0.509
1.0,0,0.634
1.0,0,0.717
1.0,0,0.843
1.0,0,0.925
1.0,0,1.033
1.0,0,1.145
1.0,0,1.228
1.0,0,1.351
1.0,0,1.438
1.0,0,1.533
1.0,-1,1.656
0.9558108605860196,-1,1.731
0.8707054347917769,-1,1.864
0.7736220417091955,-1,1.946
0.6899955855848268,-1,2.048
0.6120741284341775,-1,2.159
0.5421745352914216,-1,2.249
0.4771083050051601,-1,2.367
0.3986160667841967,-1,2.459
0.23986863600194486,-1,2.581
0.07997683134965805,-1,2.672
-0.06799605233190664,-1,2.76
-0.20485979311294977,-1,2.883
-0.32201893418584904,-1,2.975
-0.36663826819962153,-1,3.073
-0.41040845993145036,-1,3.185
-0.46633656963388437,-1,3.269
-0.5023632585694475,-1,3.387
-0.5011120389818158,1,3.484
-0.4650459858345062,1,3.569
-0.4121939081070597,1,3.69
-0.31646295687088255,1,3.78
-0.1836790354643415,1,3.894
-0.0334876972779623,1,4.033
0.14021532223825117,1,4.083
0.33820043694275137,1,4.197
0.5398295529631418,1,4.296
0.7152842799020396,1,4.411
0.8606338200436934,1,4.5
0.9561117156329337,1,4.589
1.0,1,4.706
1.0,-1,4.799
0.9647942107643595,-1,4.919
0.8992339004279297,-1,5.037
0.8089023414396543,-1,5.093
0.7134773684027411,-1,5.217
0.631278572174093,-1,5.313
0.5506940820373645,-1,5.442
0.45229377587586517,-1,5.518
0.36243815885606856,-1,5.604
0.26552691090004554,-1,5.722
0.1759217896531342,-1,5.816
0.1120509341404865,-1,5.94
0.05067111992485174,-1,6.027
-0.026556726855234136,-1,6.12
-0.11007480082106957,-1,6.242
-0.22182374839091257,-1,6.336
-0.3675260063319754,-1,6.451
-0.4708555126465579,-1,6.538
-0.5406770344083773,-1,6.628
-0.5862477820686769,-1,6.752
-0.587539226942212,1,6.838
-0.52581428521727,1,6.958
-0.44028667849563285,1,7.054
-0.2964158229829871,1,7.139
-0.1128692203319076,1,7.268
0.09113175381832006,1,7.355
0.2918929826392511,1,7.47
0.4856737292558182,1,7.565
0.6415767317259855,1,7.649
0.7759816303099885,1,7.772
0.8942852172702918,1,7.86
1.0,1,7.981
1.0,0,8.085
1.0,0,8.157
1.0,0,8.277
1.0,0,8.37
1.0,0,8.493
1.0,0,8.585
1.0,-1,8.671
0.948839092872571,-1,8.794
0.8579034131814909,-1,8.876
0.7444633974736563,-1,9.035
0.6256974442044636,-1,9.093
0.5016260062831335,-1,9.173
0.394023250867203,-1,9.302
0.2902840500032726,-1,9.39
0.18651826035735297,-1,9.506
0.09370295830879094,-1,9.6
0.019346406832907892,-1,9.739
-0.03684796125400891,-1,9.812
-0.0829876791674854,-1,9.899
-0.13241827017474994,-1,10.032
-0.1911999312782241,-1,10.112
-0.26332097977616387,-1,10.2
-0.3426864487204646,-1,10.32
-0.4119481805091958,-1,10.408
-0.46355087047581667,-1,10.535
-0.5102387263564374,-1,10.621
-0.5520322010602785,-1,10.709
-0.5881479481641463,-1,10.831
-0.6290476307349955,-1,10.912
-0.6376889848812092,1,11.043
-0.6076375253616073,1,11.128
-0.5391120983048623,1,11.221
-0.4421059951567501,1,11.355
-0.3280667092087166,1,11.427
-0.22528674978728958,1,11.549
-0.12592447149682484,1,11.645
-0.02780573008704701,1,11.729
0.0764386576346634,1,11.847
0.18079144577524797,1,11.941
0.28396001047188957,1,12.053
0.37555631913083354,1,12.144
0.44634383794751,1,12.241
0.4864274494404086,1,12.357
0.5091260880947717,0,12.488
0.5002617972380385,-1,12.568
0.4643464886445443,-1,12.66
0.4129605995156742,-1,12.752
0.3521929609267629,-1,12.867
0.27659082727927253,-1,12.961
0.2013425289613191,-1,13.078
0.1348992080633551,-1,13.17
0.07407225603769896,-1,13.257
0.00023725374697192159,-1,13.378
-0.06776048825184955,-1,13.504
-0.13229146213757448,-1,13.588
-0.20193566332875146,-1,13.687
-0.28094934223443924,-1,13.769
-0.3486750605406108,-1,13.892
-0.4140118790496755,-1,13.98
-0.48145330191766356,-1,14.1
-0.5581292132992989,-1,14.189
-0.636224556580927,-1,14.281
-0.7148046338111123,-1,14.401
-0.7940453400091627,-1,14.494
-0.8650005726814582,-1,14.611
-0.9029407192879115,-1,14.696
-0.8976229628902404,1,14.789
-0.820108482230512,1,14.91
-0.707828146475554,1,15.002
-0.5617473329406372,1,15.118
-0.4011020027488714,1,15.204
-0.2708088166961302,1,15.301
-0.17587792790420476,1,15.428
-0.04270309253751792,1,15.511
0.08126495994737715,1,15.629
0.20961176954882865,1,15.721
0.3309873914580921,1,15.809
0.43578951441367697,1,15.933
0.5208324152704047,1,16.017
0.597203786324392,1,16.141
0.6564234131304674,1,16.229
0.7038352280360827,1,16.319
0.7177690049774232,0,16.443
0.7077797637792731,-1,16.526
0.6688524625403456,-1,16.656
0.5947209858974793,-1,16.739
0.5069115359936189,-1,16.828
0.43381832134746245,-1,16.957
0.3549104095975817,-1,17.056
0.26761901588669934,-1,17.16
0.1412734939020921,-1,17.249
-0.0077934138075939074,-1,17.338
-0.17166469081610924,-1,17.488
-0.3292526555753904,-1,17.557
-0.4726123467193173,-1,17.67
-0.5679088908975805,-1,17.759
-0.6420833597556326,-1,17.848
-0.7022660121818448,-1,17.971
-0.7704000748064532,-1,18.062
-0.8388888232063375,-1,18.18
-0.8972722514270723,-1,18.265
-0.9419390133931486,-1,18.361
-0.9759394067719178,-1,18.488
-0.9784823963000887,1,18.569
-0.9474764107089304,1,18.696
-0.8654623114119608,1,18.783
-0.7629151301428092,1,18.87
-0.6379561070979076,1,18.984
-0.4886183484325578,1,19.078
-0.3307831784359637,1,19.2
-0.19895829862607783,1,19.295
-0.07003109411963115,1,19.381
0.05322328759319994,1,19.504
0.15988052463400293,1,19.593
0.23451071097301135,1,19.705
0.2807595864578829,1,19.799
0.3074620513090589,1,19.892
0.3113356498971962,-1,20.012
0.2824706766222309,-1,20.117
0.24202575018728512,-1,20.217
0.18307267511535374,-1,20.31
0.10301687122004521,-1,20.399
0.0052375266148694255,-1,20.524
-0.0865852465764757,-1,20.609
-0.16499444863021462,-1,20.735
-0.22798234309722298,-1,20.816
-0.28428064888150306,-1,20.938
-0.33620449677074526,-1,21.062
-0.4196459376118451,-1,21.123
-0.5205078240457599,-1,21.253
-0.6220382394257951,-1,21.333
-0.7113201726997267,-1,21.422
-0.792510971075912,-1,21.54
-0.8404322437314656,-1,21.629
-0.8754365053347963,-1,21.755
-0.9032675158345703,-1,21.834
-0.9367992940678259,-1,21.939
-0.9759007137782518,-1,22.077
-1.0,-1,22.136
-0.9961748199631018,1,22.263
-0.9571047188675244,1,22.347
-0.8740160524399754,1,22.438
-0.7490694782420068,1,22.56
-0.6012598824310191,1,22.643
-0.46509120509279467,1,22.777
-0.3451682671139752,1,22.859
-0.2416349691472699,1,22.949
-0.1466476517346471,1,23.069
-0.0667355385213465,1,23.165
0.009456635430918459,1,23.281
0.0731981812675715,1,23.367
0.08558652402603939,0,23.458
0.05819600128007152,-1,23.585
0.0026095416871605437,-1,23.672
-0.07383392146460754,-1,23.783
-0.16351194912360223,-1,23.879
-0.20743690023218342,-1,23.968
-0.2216199405145266,-1,24.089
-0.23569225273764494,-1,24.187
-0.29909839180701625,-1,24.304
-0.36541384966196,-1,24.384
-0.4283989078689443,-1,24.506
-0.48721346561587364,-1,24.598
-0.5248129775573064,-1,24.687
-0.553371404568548,-1,24.818
-0.5812372484698162,-1,24.898
-0.6150738088570624,-1,24.991
-0.6300581069728375,0,25.112
-0.6151238148577824,1,25.201
-0.572866243949274,1,25.32
-0.503552926351162,1,25.408
-0.4027333279993599,1,25.5
-0.2969306316758017,1,25.627
-0.18791004920590548,1,25.706
-0.08863563627635396,1,25.828
0.00934612153458314,1,25.919
0.10909059087090323,1,26.011
0.20283434012081436,1,26.131
0.2673695843501229,1,26.214
0.30543165179821496,1,26.339
0.30760441252950477,-1,26.429
0.24749969996399623,-1,26.524
0.1555486658399019,-1,26.633
0.054439032683922584,-1,26.727
-0.03939722766732112,-1,26.855
-0.12419490338840622,-1,26.937
-0.17823388806656737,-1,27.027
-0.22510951314157757,-1,27.144
-0.2747454694563356,-1,27.241
-0.35284484138096606,-1,27.383
-0.44020032403888476,-1,27.449
-0.5256130735688278,-1,27.54
-0.6018897267672134,-1,27.665
-0.6664124694963403,-1,27.749
-0.6928881465775907,-1,27.868
-0.6865348841861028,1,27.972
-0.6259076089130703,1,28.077
-0.5438427611313347,1,28.171
-0.44050286034324215,1,28.255
-0.3125125015001794,1,28.381
-0.16505730687682452,1,28.47
-0.027883346001521203,1,28.554
0.12148957874944921,1,28.69
0.2785034204104484,1,28.769
0.4555046605592665,1,28.893
0.6105682681921838,1,28.981
0.7411239348721848,1,29.088
0.8565977917350089,1,29.192
0.962673020762491,1,29.273
1.0,1,29.4
1.0,0,29.488
0.995244960784242,-1,29.583
0.9516094863516584,-1,29.707
0.8647719142785555,-1,29.79
0.7512901433411903,-1,29.908
0.6305717063061176,-1,30.004
0.5261206361196562,-1,30.115
0.42270821757451804,-1,30.211
0.32077024856216996,-1,30.3
0.19951190636155802,-1,30.424
0.07235576602979754,-1,30.548
-0.061063758442070126,-1,30.604
-0.18938202648440694,-1,30.718
-0.30106976276857567,-1,30.81
-0.3771770223140627,-1,30.943
-0.4389053725406179,-1,31.018
-0.4910364847573633,-1,31.126
-0.5348753315392989,-1,31.234
-0.5821957192541549,-1,31.324
-0.6366171915004898,-1,31.439
-0.6921911070598052,-1,31.525
-0.734567609805937,-1,31.618
-0.7629695268324403,-1,31.747
-0.7620688778567467,1,31.828
-0.6855766635071321,1,31.951
-0.5648509631738686,1,32.045
-0.40360090113319624,1,32.149
-0.20168605362009062,1,32.252
0.03044895656668789,1,32.343
0.2564973228693419,1,32.456
0.5065799428862665,1,32.548
0.7666810722080784,1,32.639
1.0,1,32.763
1.0,0,32.85
1.0,0,32.97
1.0,0,33.101
1.0,0,33.166
1.0,-1,33.269
0.9823495284214823,-1,33.354
0.9182404748177169,-1,33.479
0.8332868657284727,-1,33.573
0.7308885057191257,-1,33.662
0.6077304048817165,-1,33.773
0.46406159348695697,-1,33.869
0.33596078314606403,-1,33.992
0.21281711884608812,-1,34.098
0.09720391338438494,-1,34.222
-0.021029523621333368,-1,34.283
-0.122446199085265,-1,34.38
-0.21390166372071096,-1,34.505
-0.30076450488541473,-1,34.591
-0.3810118027716354,-1,34.678
-0.4342050295091857,-1,34.809
-0.4754249530135821,-1,34.894
-0.5087733544828608,-1,35.013
-0.5338784930781317,-1,35.118
-0.5548944824456215,-1,35.182
-0.5797054765907037,-1,35.313
-0.6100582965427193,-1,35.401
-0.6321895084268794,-1,35.521
-0.6313954988680859,1,35.605
-0.6011978716934703,1,35.699
-0.5169552620727804,1,35.832
-0.40019074275082855,1,35.911
-0.25940382514104965,1,36.026
-0.1175486037612602,1,36.117
0.015826956444063622,1,36.211
0.11628360216872902,1,36.333
0.20504845714017672,1,36.423
0.2837077359088116,1,36.54
0.3375361702933959,1,36.63
0.365310263746516,1,36.716
0.36782763496132365,-1,36.841
0.34169930677551874,-1,36.932
0.28045951498647814,-1,37.094
0.2008420110457556,-1,37.133
0.11219806207530603,-1,37.223
0.004889474771699431,-1,37.357
-0.10321928789228885,-1,37.44
-0.22099148509593192,-1,37.559
-0.35215183095934754,-1,37.646
-0.4824925252153357,-1,37.777
-0.5379736875703302,-1,37.862
-0.5906222999474451,-1,37.946
-0.6381857824201765,-1,38.091
-0.6823585184833286,-1,38.153
-0.7208047925716334,-1,38.252
-0.7536097197438227,-1,38.376
-0.7761572926285399,-1,38.459
-0.7910544073270205,-1,38.583
-0.7955001845809113,0,38.668
-0.7853794102714076,1,38.765
-0.7193142893337952,1,38.887
-0.607659167634107,1,38.969
-0.4446460153781122,1,39.101
-0.2417851596946543,1,39.173
-0.01266531868166687,1,39.274
0.19730957237600588,1,39.388
0.3929890924062527,1,39.481
0.5653074979438779,1,39.6
0.7418836358381904,1,39.692
0.8994672391149217,1,39.78
1.0,1,39.907
1.0,0,39.988
1.0,0,40.102
1.0,-1,40.195
0.9669805656586146,-1,40.292
0.8616816411340211,-1,40.413
0.7232405334414949,-1,40.502
0.5679846154804065,-1,40.621
0.4046005904396466,-1,40.718
0.2380179800346367,-1,40.8
0.11157779384779354,-1,40.919
-0.007876383036823253,-1,41.009
-0.1271562210083722,-1,41.123
-0.2608777252685578,-1,41.249
-0.3769927782773713,-1,41.333
-0.47500860576012216,-1,41.431
-0.5562363075018202,-1,41.521
-0.6218677923979337,-1,41.643
-0.6541756393390414,-1,41.732
-0.6842562177172808,-1,41.82
-0.7244164316204533,-1,41.949
-0.765067640829817,-1,42.024
-0.7992273939801491,-1,42.147
-0.825949279829076,-1,42.24
-0.844977126912501,-1,42.328
-0.8428992917036904,1,42.448
-0.813459141985702,1,42.542
-0.7501936851955119,1,42.659
-0.6238922585517226,1,42.75
-0.4743539453518658,1,42.839
-0.30820718222952714,1,42.964
-0.14106063880979902,1,43.054
0.01140051963669908,1,43.163
0.1118855553984135,1,43.265
0.19481928793227876,1,43.343
0.25936915997996834,1,43.474
0.28755335793646797,1,43.56
0.28064918118527404,-1,43.682
0.24624570935034762,-1,43.771
0.19238743799182956,-1,43.858
0.1222925211274748,-1,43.99
0.05101992711566017,-1,44.072
-0.02399739559011571,-1,44.199
-0.12564231881428178,-1,44.277
-0.234609476387305,-1,44.366
-0.3493600605560868,-1,44.484
-0.46150801380835316,-1,44.613
-0.5591413630634537,-1,44.7
-0.6183543296090626,-1,44.789
-0.6627484885438863,-1,44.883
-0.6961059269004047,-1,44.999
-0.7264408977742431,-1,45.092
-0.7560696181533048,-1,45.212
-0.7899020410995087,-1,45.308
-0.8250135423977101,-1,45.387
-0.8457171778087905,0,45.51
-0.8386297673020242,1,45.609
-0.8088427187264005,1,45.721
-0.7360900229220091,1,45.81
-0.6399919234830075,1,45.901
-0.5367672762302231,1,46.024
-0.43898449362106373,1,46.113
-0.3470687491271939,1,46.235
-0.2757410070918572,1,46.315
-0.2066939026744118,1,46.415
-0.141332820990404,1,46.535
-0.08354836615085337,1,46.615
-0.04494474968578832,1,46.746
-0.03662273503954194,-1,46.83
-0.06209222706398054,-1,46.92
-0.11319497275052792,-1,47.039
-0.2109905784317404,-1,47.147
-0.3384355780843945,-1,47.253
-0.40967556319342047,-1,47.338
-0.4788192239000465,-1,47.429
-0.549113704686459,-1,47.551
-0.6283101739627429,-1,47.641
-0.710056953064083,-1,47.762
-0.7821403133045015,-1,47.885
-0.8289171978205747,-1,47.946
-0.860135843033538,-1,48.062
-0.8883318988242161,-1,48.168
-0.9181452712764371,-1,48.279
-0.9601858661174094,-1,48.361
-1.0,-1,48.448
-1.0,0,48.573
-1.0,0,48.662
-1.0,1,48.784
-0.9739219130313113,1,48.867
-0.9037739948226792,1,48.962
-0.8220120853263809,1,49.103
-0.7367114803236018,1,49.166
-0.6482091107600649,1,49.292
-0.5574071414631268,1,49.382
-0.48541254708748127,1,49.464
-0.4212354871137717,1,49.592
-0.3733434228501783,1,49.681
-0.3544605606678236,0,49.803
-0.37055039419079616,-1,49.89
-0.4132062201503116,-1,49.981
-0.4699781639288725,-1,50.132
-0.5275859910372679,-1,50.196
-0.575673217488005,-1,50.31
-0.6128810725819216,-1,50.399
-0.6558001833788089,-1,50.485
-0.7011256807662141,-1,50.619
-0.7475926928331298,-1,50.696
-0.7880244063203088,-1,50.823
-0.8195007530314583,-1,50.95
-0.832965102791557,0,50.998
-0.8352812728993368,0,51.126
-0.8181033181254119,1,51.21
-0.7917030294326678,1,51.333
-0.7616075472531842,1,51.419
-0.7227684308591923,1,51.51
-0.6727756113547583,1,51.638
-0.619639944176251,1,51.727
-0.5622493730875031,1,51.838
-0.4997882674384774,1,51.929
-0.42271209158629997,1,52.019
-0.3526415017914404,1,52.133
-0.296788293214615,1,52.23
-0.2520243474034217,1,52.348
-0.2192242118945834,1,52.44
-0.21924446457438074,-1,52.523
-0.23960209007655542,-1,52.66
-0.27494485747636865,-1,52.735
-0.3346681690472768,-1,52.862
-0.4073605602995922,-1,52.948
-0.48431890237840136,-1,53.039
-0.556370572488023,-1,53.16
-0.6222875217716307,-1,53.25
-0.6724828680740436,-1,53.371
-0.7159524835308888,-1,53.459
-0.7571261815597504,-1,53.543
-0.7968140693525404,-1,53.675
-0.8359606582489169,-1,53.762
-0.865262603610869,-1,53.879
-0.871796854574713,1,53.963
-0.8491341058810103,1,54.051
-0.8022399463856325,1,54.177
-0.7323497895562457,1,54.264
-0.6341353394533249,1,54.381
-0.5409895827579724,1,54.479
-0.4576240292522341,1,54.566
-0.38449344365520355,1,54.706
-0.32507023997584394,1,54.78
-0.30373864469066825,1,54.906
-0.3065169441283806,-1,54.985
-0.34250595612901313,-1,55.08
-0.3974938229326611,-1,55.194
-0.4693374427861807,-1,55.29
-0.5465995750619543,-1,55.419
-0.6119938373067719,-1,55.499
-0.64780213460463,-1,55.586
-0.6757590767409144,-1,55.717
-0.6969209062992783,-1,55.8
-0.7247188619296754,-1,55.923
-0.7716657941973744,-1,56.048
-0.8496135131154733,-1,56.142
-0.9154876179838516,-1,56.215
-0.9524083797880711,-1,56.304
-0.9365843629200081,1,56.432
-0.8756067793051249,1,56.521
-0.7366231501342249,1,56.609
-0.5721711945149636,1,56.735
-0.4002796762288324,1,56.824
-0.22647504421888154,1,56.939
-0.04745892711065891,1,57.031
0.09650871327062327,1,57.141
0.23198107883865893,1,57.242
0.35163234387052666,1,57.331
0.40670435539587113,1,57.443
0.3959168437123157,-1,57.534
0.3363303504118589,-1,57.628
0.24322645462989545,-1,57.748
0.12487878995556856,-1,57.842
0.0209348885159244,-1,57.961
-0.07074583730076,-1,58.046
-0.1584020251008692,-1,58.145
-0.2790069306627515,-1,58.258
-0.4101689576883992,-1,58.35
-0.536787339619972,-1,58.489
-0.6511192152734151,-1,58.552
-0.7543077867519804,-1,58.651
-0.8166706280174925,-1,58.783
-0.8575534673095669,-1,58.862
-0.9022960488882,-1,58.978
-0.9570234288262828,-1,59.07
-1.0,-1,59.178
-1.0,0,59.278
-1.0,1,59.368
-0.9798932628519764,1,59.492
-0.8937892063515934,1,59.58
-0.7562340096360443,1,59.668
-0.5372442716665309,1,59.792
-0.2792516744648571,1,59.879
-0.003415663930249613,1,59.999
0.26649134053060375,1,60.091
0.5202242269640074,1,60.197
0.7010194356353217,1,60.308
0.8259233289658483,1,60.383
0.8307770682437245,-1,60.509
0.7568355574938759,-1,60.599
0.6274426132742794,-1,60.689
0.4645584920699066,-1,60.817
0.28958325892311576,-1,60.899
0.16124302345472707,-1,61.023
0.05028752107767254,-1,61.112
-0.032658409169091906,1,61.223
0.08142890174279827,1,61.322
0.3787251321055505,1,61.407
0.8553878949772646,1,61.531
1.0,1,61.618
1.0,0,61.709
1.0,0,61.838
1.0,0,61.92
1.0,0,62.039
1.0,0,62.145
1.0,0,62.213
1.0,0,62.342
1.0,0,62.428
1.0,0,62.548
1.0,0,62.64
1.0,0,62.732
1.0,0,62.86
1.0,0,62.933
1.0,0,63.065
1.0,0,63.174
1.0,0,63.246
1.0,0,63.367
1.0,0,63.445
1.0,0,63.571
1.0,0,63.658
1.0,0,63.747
0.99258083366571,-1,63.879
0.972668739987306,-1,63.959
0.9435320479098734,-1,64.081
0.9207690279288747,-1,64.194
0.9044485846075163,-1,64.254
0.8856257130628482,-1,64.38
0.8670526205597968,-1,64.471
0.8430711823890542,-1,64.59
0.8091668245729582,-1,64.727
0.7582821297340421,-1,64.771
0.6957081732737755,-1,64.895
0.6216516688817721,-1,64.981
0.5358316979541968,-1,65.14
0.4120267614722788,-1,65.199
0.28340181828541633,-1,65.279
0.1536174233138594,-1,65.402
0.027512797034984215,-1,65.49
-0.09230362530758529,-1,65.611
-0.18165561764327787,-1,65.698
-0.2699541652145908,-1,65.784
-0.36069551206028627,-1,65.917
-0.44235536998437697,-1,66.005
-0.5152504349600553,-1,66.137
-0.5780582694088916,-1,66.213
-0.6313791380834197,-1,66.299
-0.6714570797451063,-1,66.42
-0.7103265413752027,-1,66.512
-0.743420608029767,-1,66.628
-0.7741970962026963,-1,66.721
-0.8011864835748749,-1,66.811
-0.8227681878232389,-1,66.926
-0.8392377035169156,-1,67.018
-0.8567851780984197,-1,67.143
-0.8752933413015279,-1,67.232
-0.8959825989476156,-1,67.321
-0.9162226518451185,-1,67.438
-0.9391638961290214,-1,67.531
-0.962370157963711,-1,67.645
-0.9833330462309864,-1,67.742
-1.0,-1,67.83
-1.0,0,67.949
-1.0,0,68.04
-1.0,0,68.166
-0.9913688012447063,1,68.25
-0.9695942138257231,1,68.335
-0.9332855297709967,1,68.464
-0.8812262844454466,1,68.549
-0.8133128386895347,1,68.669
-0.7436899945459894,1,68.755
-0.6667521689732858,1,68.849
-0.5850942274283628,1,68.973
-0.47705752880197017,1,69.057
-0.36823965001055814,1,69.178
-0.26317156556018917,1,69.271
-0.16262927365790514,1,69.361
-0.06644241743521562,1,69.483
0.0020015312685823794,1,69.571
0.06713291333563931,1,69.69
0.14976571072496903,1,69.779
0.23373804425133016,1,69.872
0.318337394692898,1,69.99
0.4014009423390583,1,70.081
0.48127629033992414,1,70.199
0.5414718574339725,1,70.287
0.5991217876718633,1,70.383
0.6548815987376757,1,70.5
0.7114588636743457,1,70.59
0.7545034453543102,1,70.711
0.778019170653536,1,70.802
0.7807021293960825,-1,70.891
0.7606278719382735,-1,71.011
0.7207805583300628,-1,71.099
0.6873582248684758,-1,71.218
0.6695342326621407,-1,71.315
0.6620676789621576,0,71.397
0.6664885368612112,0,71.522
0.6741636643697639,0,71.611
0.6765920594266945,0,71.73
0.6755362354888987,0,71.853
0.6740412406125593,0,71.919
0.6664425469841655,-1,72.024
0.6358132888721342,-1,72.121
0.5928496752855583,-1,72.243
0.5367452640142822,-1,72.33
0.4687106899906599,-1,72.419
0.3940503349488096,-1,72.546
0.33391112164775927,-1,72.624
0.2731513688789742,-1,72.748
0.20475146681797995,-1,72.84
0.12066124374764375,-1,72.93
0.03575227131695602,-1,73.05
-0.04922600980167391,-1,73.176
-0.13297616687977476,-1,73.259
-0.21487183074688876,-1,73.348
-0.2855116341434031,-1,73.443
-0.3535513901250018,-1,73.561
-0.4258701479060353,-1,73.649
-0.4924660808463176,-1,73.764
-0.5514341716445847,-1,73.859
-0.6032556946479444,-1,73.945
-0.6533483869212561,-1,74.074
-0.6942184894851595,-1,74.167
-0.7305938912488388,-1,74.279
-0.7602100765763838,-1,74.369
-0.7871802246119685,-1,74.463
-0.8090085748449624,-1,74.587
-0.8247248056441887,-1,74.672
-0.8396857660682802,-1,74.793
-0.8583343373376915,-1,74.88
-0.8773326907705443,-1,74.968
-0.8959553522500711,-1,75.101
-0.9120226607022331,-1,75.203
-0.9268411172819596,-1,75.299
-0.9394779695534062,-1,75.391
-0.9475838473187903,0,75.479
-0.9536383174700647,0,75.611
-0.9617331835747481,0,75.691
-0.9672156951143205,0,75.814
-0.9656209475469258,1,75.899
-0.9309070110595937,1,75.989
-0.875426377979788,1,76.109
-0.7989983275230629,1,76.198
-0.70467956715105,1,76.32
-0.5962496874631593,1,76.415
-0.501261806767378,1,76.503
-0.410793888916958,1,76.628
-0.317577590104533,1,76.711
-0.23042094340135966,1,76.828
-0.1495785124930532,1,76.921
-0.07480998407843387,1,77.012
-0.0028636795269905146,1,77.127
0.0600971098924874,1,77.22
0.12426982973381606,1,77.347
0.1924605102414927,1,77.43
0.28379251958456275,1,77.519
0.37582409325451627,1,77.641
0.4647063319640017,1,77.729
0.5478851781751479,1,77.847
0.6227495728123393,1,77.939
0.6703108786139298,1,78.031
0.7107223778968768,1,78.177
0.7404564527683959,1,78.242
0.7376232172445201,-1,78.361
0.723150656359753,-1,78.455
0.6960950060175493,-1,78.539
0.6558046350023123,-1,78.665
0.605840843933676,-1,78.748
0.5736926243896634,-1,78.869
0.5384987090447195,-1,78.959
0.5101802799211295,-1,79.049
0.4952592975803447,0,79.202
0.4952662980068989,0,79.323
0.4942059601421809,0,79.382
0.48748886073566844,-1,79.468
0.47635666055004355,-1,79.559
0.45819532839575317,-1,79.681
0.4351022773432378,-1,79.773
0.39039971710294785,-1,79.893
0.33300158598512897,-1,79.981
0.24004757955388678,-1,80.068
0.13722554454581104,-1,80.197
0.028522269268264067,-1,80.273
-0.06403524088058588,-1,80.399
-0.1531785179041718,-1,80.489
-0.24963551442664444,-1,80.582
-0.3392800500531086,-1,80.71
-0.42437833748017484,-1,80.785
-0.5017271232557804,-1,80.909
-0.5709211809041572,-1,81.0
-0.6213409577022131,-1,81.09
-0.6673578069754246,-1,81.207
-0.7099858861873793,-1,81.3
-0.7550053108676358,-1,81.419
-0.7926986482750595,-1,81.513
-0.8240902410988408,-1,81.602
-0.847691591368749,-1,81.725
-0.863349193184629,-1,81.818
-0.8727428812548198,-1,81.933
-0.8876329535699217,-1,82.022
-0.9103365489545591,-1,82.11
-0.9374947255081701,-1,82.223
-0.9688739505580051,-1,82.318
-1.0,-1,82.45
-1.0,0,82.53
-1.0,0,82.621
-1.0,0,82.745
-1.0,0,82.831
-0.9978667303270237,0,82.947
-0.9884217725361306,1,83.041
-0.9709413139178498,1,83.13
-0.9386008346400246,1,83.248
-0.891965227843125,1,83.34
-0.8359693278292109,1,83.457
-0.7648379003046883,1,83.549
-0.6844773402554716,1,83.638
-0.5798173535311544,1,83.763
-0.4714765397588657,1,83.85
-0.36090599421713254,1,83.968
-0.249693524652138,1,84.056
-0.1379022825083338,1,84.155
-0.04976368521295027,1,84.264
0.03237066705621605,1,84.359
0.12009982092054683,1,84.485
0.19996488502099807,1,84.568
0.27252589469461985,1,84.66
0.33926725587195694,1,84.787
0.39997175534297646,1,84.871
0.4445601449846128,1,84.989
0.48797711003028854,1,85.081
0.5334947280688394,1,85.18
0.590628048054779,1,85.289
0.6519779414086448,1,85.374
0.7150037769421584,1,85.496
0.7730191352346545,1,85.593
0.8205458019730307,1,85.678
0.8491270353762594,1,85.802
0.8734542209280418,1,85.891
0.8996301476668138,1,86.01
0.9141404064801706,1,86.1
0.9377832807781201,1,86.217
0.9524403784768518,0,86.308
0.9276580246532682,-1,86.398
0.8826772829132554,-1,86.518
0.8419237478584709,-1,86.612
0.806693242746281,-1,86.7
0.7560440721760089,-1,86.814
0.6974362629790678,-1,86.914
0.6287462821327117,-1,87.029
0.547201621091209,-1,87.157
0.4559464421424144,-1,87.25
0.37174417313957786,-1,87.331
0.28542688226839386,-1,87.415
0.17240939078220796,-1,87.546
0.056666202099489915,-1,87.63
-0.059542972286616536,-1,87.718
-0.17215831172741236,-1,87.851
-0.2750638425237837,-1,87.928
-0.3420196756611833,-1,88.051
-0.3994345047164203,-1,88.138
-0.45269163484736075,-1,88.237
-0.5061636716268958,-1,88.35
-0.5566951045613043,-1,88.44
-0.6051810233882973,-1,88.56
-0.6478403477657683,-1,88.645
-0.6814140148214658,-1,88.739
-0.7061034552095178,-1,88.864
-0.7302006611039178,-1,88.95
-0.7522722122511684,-1,89.07
-0.7785709700836466,-1,89.192
-0.8079153026655158,-1,89.257
-0.8379305979192353,-1,89.372
-0.8672188987346395,-1,89.46
-0.8982803567166663,-1,89.584
-0.9295623954502203,-1,89.669
-0.9638949737732323,-1,89.758
-1.0,-1,89.882
-1.0,0,89.968
-1.0,0,90.09
-1.0,0,90.185
-1.0,0,90.269
-1.0,0,90.399
-0.9966748150160086,1,90.48
-0.9839917034988521,1,90.606
-0.9594248417656402,1,90.687
-0.9354380766603292,1,90.781
-0.9099869132571172,1,90.907
-0.8736594319201296,1,90.99
-0.8211122908384567,1,91.109
-0.7564226277192031,1,91.202
-0.6729552170012426,1,91.284
-0.5482871182004492,1,91.412
-0.41659991604730917,1,91.5
-0.2873272591092785,1,91.617
-0.16044083393005537,1,91.711
-0.03507675086627626,1,91.797
0.05890087821098522,1,91.921
0.14424356156942197,1,92.009
0.22084331300361382,1,92.13
0.3007886614484314,1,92.238
0.3771605883272846,1,92.302
0.4551417730478948,1,92.426
0.5342508868531737,1,92.525
0.6130399927570236,1,92.638
0.6767814843164859,1,92.725
0.7380524622007132,1,92.82
0.8209108043820019,1,92.948
0.8993087895174374,1,93.03
0.9731562096183457,1,93.148
1.0,1,93.255
1.0,0,93.322
1.0,0,93.454
1.0,0,93.543
1.0,0,93.668
1.0,0,93.748
1.0,0,93.838
0.9943538004307597,-1,93.956
0.9786268635165869,-1,94.046
0.9529756103430438,-1,94.194
0.9189323659290809,-1,94.258
0.8756801309124165,-1,94.353
0.8259394289427138,-1,94.47
0.7546812017952327,-1,94.598
0.673045638859811,-1,94.682
0.5838802055132417,-1,94.767
0.48894102925074256,-1,94.859
0.38899397177201056,-1,94.983
0.30344547521929055,-1,95.073
0.22110060282279909,-1,95.227
0.13199713629089538,-1,95.284
0.0496955805027135,-1,95.369
-0.027657654405659704,-1,95.5
-0.10432383977667847,-1,95.584
-0.18009481524263282,-1,95.705
-0.24388634203275206,-1,95.788
-0.30519077356242974,-1,95.879
-0.3608153148275157,-1,95.999
-0.41317005378478855,-1,96.09
-0.45539412097366117,-1,96.223
-0.48998724566533114,-1,96.298
-0.5225583270163279,-1,96.387
-0.5513626683030717,-1,96.508
-0.5702944326125928,-1,96.602
-0.5866927769555645,-1,96.729
-0.6027355641386613,-1,96.811
-0.6179769940680313,-1,96.899
-0.6384651481788977,-1,97.031
-0.6664964083312281,-1,97.107
-0.6996769302963579,-1,97.249
-0.7306326631291435,-1,97.313
-0.7579540122008449,-1,97.412
-0.7797813714519487,-1,97.529
-0.7992882840606916,-1,97.618
-0.8137933316487984,-1,97.743
-0.8254160199256398,-1,97.832
-0.8367366951834339,-1,97.918
-0.8477054229987127,0,98.052
-0.8503699960293108,0,98.132
-0.848065793115066,1,98.271
-0.8327022344150455,1,98.333
-0.8036921392388308,1,98.429
-0.7591578529401148,1,98.548
-0.7046818034147926,1,98.637
-0.6436083937960994,1,98.761
-0.5859702318641783,1,98.85
-0.5265969991216356,1,98.94
-0.4651271222129978,1,99.069
-0.3920453861795955,1,99.151
-0.31845167190075696,1,99.262
-0.24658641061738185,1,99.359
-0.18139671997015983,1,99.448
-0.12143811139587779,1,99.569
-0.06948465268502835,1,99.66
-0.012357265759424751,1,99.779
0.06089232213117701,1,99.864
0.13821186634419846,1,99.959
0.21502905822474117,1,100.084
0.2839800743601779,1,100.169
0.34096608068921586,1,100.289
0.37901129841533443,1,100.379
0.4126568723002326,1,100.468
0.4442888255182955,1,100.591
0.4838254581332948,1,100.678
0.522105909107317,1,100.797
0.5552533419966548,1,100.89
0.5829735648365404,1,100.978
0.6005691321036231,1,101.111
0.5992491787893008,0,101.184
0.5951816289451204,0,101.308
0.5878605205212433,-1,101.402
0.5662852398657188,-1,101.488
0.5400762853601897,-1,101.618
0.5045951701981737,-1,101.701
0.4550945144328531,-1,101.818
0.3984075130250635,-1,101.94
0.34650218387900233,-1,102.001
0.29180894969257265,-1,102.133
0.22608863059355788,-1,102.21
0.15975405792393094,-1,102.323
0.08882070533877173,-1,102.421
0.015572922306850145,-1,102.507
-0.05726094646789148,-1,102.631
-0.11719729511845878,-1,102.718
-0.1734066105957236,-1,102.833
-0.22619872697301124,-1,102.931
-0.2917872913884175,-1,103.021
-0.35345630437136766,-1,103.143
-0.40852194106534767,-1,103.234
-0.4576435765079593,-1,103.349
-0.5006503507442033,-1,103.448
-0.524953976103671,-1,103.53
-0.5485434790455906,-1,103.651
-0.5752241032860462,-1,103.739
-0.5967638883875395,-1,103.864
-0.6149713027469949,-1,103.95
-0.6307289222587205,-1,104.038
-0.6426024858920212,-1,104.156
-0.6493682994621521,-1,104.258
-0.6608213310231144,-1,104.369
-0.6758118855960243,-1,104.46
-0.6956539002996063,-1,104.548
-0.7190960064493614,-1,104.671
-0.744107738030779,-1,104.763
-0.7680293349697385,-1,104.88
-0.7910629414383522,-1,104.968
-0.8114716817673177,-1,105.06
-0.8300743601775984,-1,105.189
-0.8376102467843436,0,105.292
-0.8373575665692045,0,105.391
-0.823126857500391,1,105.474
-0.7884543190268201,1,105.574
-0.7373918073334517,1,105.692
-0.6860372940029957,1,105.776
-0.632858047443589,1,105.895
-0.5706170735661094,1,105.982
-0.4832485061123287,1,106.08
-0.4012874762369172,1,106.21
-0.3170700938468902,1,106.314
-0.20751334352955864,1,106.403
-0.10432988430405565,1,106.502
-0.03291078823064286,1,106.59
0.033596172253781864,1,106.717
0.09771599350770943,1,106.798
0.16985558815573154,1,106.918
0.23940125788126587,1,107.008
0.30572094075784984,1,107.101
0.3679348221903156,1,107.255
0.42496865701146547,1,107.318
0.4688982614395407,1,107.432
0.5141284048109536,1,107.515
0.5683459225503045,1,107.611
0.6253784568325109,1,107.725
0.6816995963127119,1,107.821
0.7276957571217515,1,107.949
0.7610487285931289,1,108.03
0.7785143163326884,1,108.115
0.7858565089373035,0,108.257
0.785973557442204,0,108.322
0.7827488711321977,0,108.451
0.7829341979316227,0,108.54
0.7884010133799448,1,108.629
0.7990920937636559,1,108.743
0.8113789354308427,1,108.835
0.8276668851572089,1,108.955
0.8403672982083779,0,109.051
0.832395981688459,-1,109.139
0.8175724526844641,-1,109.268
0.800943123985608,-1,109.351
0.7814226194099154,-1,109.468
0.7601531680310185,-1,109.555
0.7259781333994777,-1,109.648
0.6636064167374223,-1,109.778
0.5984256726030772,-1,109.858
0.5212222908873376,-1,109.978
0.44310235354101724,-1,110.102
0.3638800054131195,-1,110.159
0.2839721839146254,-1,110.282
0.20066243581195553,-1,110.368
0.12786375050747978,-1,110.49
0.055683404583696694,-1,110.582
-0.03313557073254869,-1,110.67
-0.12173759726036826,-1,110.803
-0.20976156480143737,-1,110.88
-0.2976131039894907,-1,110.999
-0.3791335545928308,-1,111.089
-0.4349515804931242,-1,111.178
-0.47958296365471864,-1,111.299
-0.5134411081207042,-1,111.39
-0.5445502923685261,-1,111.511
-0.5737662981010622,-1,111.6
-0.5986468614329719,-1,111.691
-0.6188117919793255,-1,111.82
-0.6381993815899519,-1,111.903
-0.65213357119966,-1,112.026
-0.6648586423175222,-1,112.116
-0.6811375748588157,-1,112.198
-0.7126552164346832,-1,112.317
-0.7493273350880038,-1,112.411
-0.7874898283171878,-1,112.529
-0.8256169878674748,-1,112.619
-0.8644812079595476,-1,112.709
-0.8932124356176204,-1,112.843
-0.9179947713221971,-1,112.916
-0.9455720010275034,-1,113.041
-0.9722877956413084,-1,113.129
-0.9952115798359177,-1,113.219
-1.0,0,113.333
-1.0,0,113.428
-0.9945359437590747,1,113.556
-0.979947858692015,1,113.642
-0.9536391804685714,1,113.729
-0.8998464043639642,1,113.859
-0.8325296515185244,1,113.938
-0.751115563564371,1,114.054
-0.6566493469035151,1,114.15
-0.5535400503771285,1,114.243
-0.46073230254839936,1,114.354
-0.3648176384355927,1,114.45
-0.25080753220677854,1,114.569
-0.13794064235739223,1,114.659
-0.02585293182846027,1,114.744
0.08034437905778757,1,114.876
0.17753177273446386,1,114.959
0.24839228633474875,1,115.078
0.31149461015131297,1,115.165
0.36745760718441156,1,115.27
0.4201778741075839,1,115.384
0.4590514314357199,1,115.47
0.4883823173199029,1,115.59
0.5185574891523954,1,115.68
0.5588507910105247,1,115.768
0.6078207761550125,1,115.891
0.6671070114937698,1,115.978
0.724419045858868,1,116.099
0.7690002842289339,1,116.188
0.7964703806847533,1,116.3
0.8113251929046383,1,116.399
0.8202728037714235,1,116.484
0.8297538689438584,0,116.601
0.8306324583842635,0,116.7
0.8188215560344043,-1,116.792
0.7965837922300483,-1,116.911
0.7750313981963357,-1,117.002
0.756044765357113,-1,117.12
0.7494437933781661,0,117.209
0.7495032994358828,0,117.317
0.7478399301048841,0,117.425
0.7400397360451294,-1,117.504
0.7304424590423302,-1,117.627
0.7016065235440965,-1,117.72
0.6646805644814642,-1,117.809
0.6212341416356184,-1,117.927
0.5670682275455636,-1,118.02
0.4988070785605976,-1,118.134
0.4318823656248205,-1,118.23
0.35761180488173694,-1,118.338
0.2584537105877378,-1,118.441
0.15374475121567355,-1,118.529
0.046598843762294395,-1,118.658
-0.05901460768706246,-1,118.74
-0.15994178207341503,-1,118.833
-0.23517074038137098,-1,118.955
-0.3022676708488924,-1,119.037
-0.3649828552546651,-1,119.159
-0.43034360897939417,-1,119.298
-0.4877431522528992,-1,119.339
-0.5373390011103131,-1,119.459
-0.5776428040374508,-1,119.555
-0.6062078119552567,-1,119.665
-0.6193474495703661,-1,119.761
-0.6316161985290102,-1,119.849
-0.6501092811248183,-1,119.981
-0.670025608606956,-1,120.054
-0.6956041124986523,-1,120.183
-0.7269323017083139,-1,120.295
-0.7614675173932708,-1,120.355
-0.7925940860779626,-1,120.489
-0.826632951234436,-1,120.568
-0.8617940306323183,-1,120.694
-0.9062877600939774,-1,120.774
-0.9494366526512397,-1,120.87
-0.99161174607575,-1,120.997
-1.0,0,121.074
-1.0,0,121.198
-1.0,0,121.29
-1.0,0,121.374
-1.0,0,121.51
-0.9862838870272604,1,121.588
-0.9597413762707685,1,121.709
-0.9220958790040066,1,121.805
-0.8775567366433156,1,121.898
-0.8352853794421091,1,122.011
-0.7898182970917187,1,122.099
-0.7387598490647611,1,122.223
-0.6676076777807471,1,122.326
-0.5896396291008044,1,122.4
-0.5043482358430662,1,122.516
-0.4123767291367555,1,122.613
-0.3188544818084549,1,122.729
-0.24175176353083783,1,122.813
-0.16924986135271625,1,122.911
-0.10410030187706842,1,123.034
-0.0385190657726896,1,123.113
0.020971905101000665,1,123.239
0.0761105210798243,1,123.349
0.12919224735136736,1,123.413
0.1795725346898307,1,123.548
0.2172707558196436,1,123.629
0.2529536072843288,1,123.747
0.2934297169486457,1,123.84
0.32808972547014026,1,123.929
0.35770340124935784,1,124.053
0.3853768388682952,1,124.142
0.410072037273135,1,124.295
0.43430700286878277,1,124.359
0.4729985350511019,1,124.44
0.5245606591387171,1,124.557
0.5903874278065593,1,124.649
0.6310196043326475,1,124.771
0.6557421895980666,1,124.86
0.6760691075105183,1,124.948
0.6873984423954882,0,125.068
0.6877586608181903,0,125.167
0.6795488317966163,-1,125.35
0.6480150389401125,-1,125.395
0.6050552322979146,-1,125.497
0.5457874854534064,-1,125.58
0.463805209918539,-1,125.667
0.3601725897412944,-1,125.792
0.2510013427625104,-1,125.909
0.1326957300152185,-1,125.969
0.017396473010473867,-1,126.098
-0.11497269716229497,-1,126.192
-0.23817527526631443,-1,126.298
-0.3518395846387966,-1,126.386
-0.4581498522961237,-1,126.482
-0.5548817473816128,-1,126.604
-0.596503088353773,-1,126.685
-0.5768507743263809,1,126.81
-0.42848661713364966,1,126.897
-0.2282689105720167,1,126.99
0.00450595291379452,1,127.118
0.23819819174648638,1,127.2
0.43653245009399333,1,127.318
0.5124977173037328,1,127.409
0.49303804493778536,-1,127.5
0.38021520007161413,-1,127.617
0.17082517232118888,-1,127.709
-0.07671434965535795,-1,127.829
-0.3301956852564675,-1,127.92
-0.522124787395936,-1,128.009
-0.6175869662519022,-1,128.134
-0.5724758750335686,1,128.218
-0.42904449019783386,1,128.343
-0.2178397636737982,1,128.421
0.03969635663772264,1,128.547
0.26701280100259583,1,128.641
0.4103618297377136,1,128.729
0.42930230059976715,-1,128.846
0.3285557246441677,-1,128.936
0.12616453316623377,-1,129.033
-0.1117400411780507,-1,129.153
-0.36826712022200325,-1,129.241
-0.5641922835914419,-1,129.359
-0.6637679706382595,-1,129.451
-0.6594675499060064,1,129.539
-0.5625716587592869,1,129.671
-0.3805847283143854,1,129.743
-0.18400930982006936,1,129.863
-0.014251186106883695,1,129.954
0.027216900904126984,-1,130.048
-0.03358983081192368,-1,130.174
-0.14309694745322732,-1,130.302
-0.2619224778444188,-1,130.383
-0.38634965535762233,-1,130.471
-0.44047694924357705,-1,130.558
-0.4469372482320292,1,130.683
-0.3942980932772353,1,130.771
-0.3019539880046549,1,130.894
-0.1654111538805837,1,130.971
0.008093098200698368,1,131.093
0.20625118610688387,1,131.189
0.3699973144749795,1,131.315
0.47809435144570744,1,131.395
0.49899561364246714,-1,131.488
0.38521457344910925,-1,131.573
0.21809972249574794,-1,131.707
0.011390922925431868,-1,131.79
-0.20653692596902706,-1,131.908
-0.38207681242590164,-1,132.0
-0.4444611266150018,-1,132.086
-0.4543534729306591,1,132.217
-0.3811772510458056,1,132.326
-0.27895973757342074,1,132.419
-0.1697647582263273,1,132.542
-0.06842396317499377,1,132.614
0.0028787107941334877,1,132.718
-0.01705290839949325,-1,132.81
-0.09476906939994134,-1,132.927
-0.20955432953789555,-1,133.019
-0.36802906594376084,-1,133.103
-0.53015393987753,-1,133.237
-0.678707572820807,-1,133.344
-0.7858460655887951,-1,133.44
-0.8264071108274806,0,133.529
-0.7748402032634856,1,133.625
-0.6645634824995841,-1,133.752
-1.0,1,133.831
1.0,1,133.948
1.0,0,134.041
1.0,0,134.129
0.9910949202603399,0,134.256
1.0,-1,134.371
-0.7714545997572319,-1,134.458
-0.8058832426507714,-1,134.551
-0.7987171481827198,1,134.639
-0.7613953283434965,1,134.759
-0.6981151334685096,1,134.849
-0.6152890787860006,1,134.971
-0.526924995614197,1,135.054
-0.4789416920097701,1,135.177
-0.4760420046602867,-1,135.263
-0.5112274819955367,-1,135.354
-0.5872148225153482,-1,135.478
-0.6777991858972565,-1,135.57
-0.748461016108948,-1,135.658
-0.7686993038634482,0,135.782
-0.7426946584578228,1,135.869
-0.6757442234407789,1,135.988
-0.5992151243190671,1,136.081
-0.5719077006102458,0,136.17
-0.5845262582605109,-1,136.349
-0.6357205860246977,-1,136.393
-0.7118609210338012,-1,136.492
-0.7876889891749425,-1,136.591
-0.7980491342499905,1,136.678
-0.7649872111255362,1,136.8
-0.6984701829900124,1,136.894
-0.612601444588849,1,137.007
-0.5562173949386495,1,137.099
-0.5452680583197322,-1,137.237
-0.5786580592928052,-1,137.343
-0.6458954171058768,-1,137.406
-0.7292506746115295,-1,137.519
-0.7766847791525711,0,137.604
-0.7445996491124867,1,137.698
-0.6771772098199678,1,137.822
-0.5965123766845236,1,137.91
-0.5366294500208508,1,138.028
-0.51398928829312,-1,138.15
-0.5666800788735422,-1,138.21
-0.6500523099319582,-1,138.337
-0.7439367504970288,-1,138.414
-0.8062185284464539,-1,138.538
-0.8101294210146768,1,138.631
-0.7569510476925445,1,138.719
-0.6649399758208254,1,138.842
-0.5584034955288059,1,138.932
-0.4719650967951724,1,139.051
-0.44559284608928784,-1,139.174
-0.489740126769188,-1,139.234
-0.5684051033660302,-1,139.35
-0.6557886732227212,-1,139.438
-0.7196503866656702,-1,139.557
-0.7300458739327735,1,139.65
-0.6855858613560685,1,139.741
-0.6170801373741707,1,139.857
-0.5405845203291428,1,139.948
-0.5208547416142804,0,140.066
-0.5399348750357056,-1,140.194
-0.5910587509302031,-1,140.256
-0.6664083043920696,-1,140.365
-0.7506901318670665,-1,140.46
-0.779649570540051,-1,140.577
-0.7724665025192357,1,140.667
-0.7350814387573872,1,140.763
-0.6810915901045118,1,140.891
-0.6442031771468086,1,140.962
-0.6308070912713273,0,141.09
-0.648251020709246,-1,141.181
-0.6952965936521007,-1,141.267
-0.7550053670141326,-1,141.389
-0.7874029964366005,0,141.478
-0.7689908769479041,1,141.604
-0.726751144581304,1,141.688
-0.6710532449887041,1,141.777
-0.6210031206923072,1,141.909
-0.5945471647947127,0,141.992
-0.6120115555017157,-1,142.107
-0.6478969012454289,-1,142.202
-0.6941414620065043,-1,142.288
-0.7343662243971106,-1,142.404
-0.7468287648706053,0,142.501
-0.7362900487199093,1,142.617
-0.7100761403350091,1,142.708
-0.6784018632775675,1,142.799
-0.6584997913764356,1,142.92
-0.6623067499982853,-1,143.042
-0.6895018692415626,-1,143.131
-0.7322687118015136,-1,143.22
-0.775552666434695,-1,143.321
-0.7931779571213182,0,143.429
-0.7802122554398785,1,143.522
-0.7431313205412424,1,143.642
-0.6966807520027921,1,143.731
-0.6591368808911163,1,143.813
-0.6586423227167637,-1,143.946
-0.6821423227748923,-1,144.03
-0.7255709013781944,-1,144.147
-0.7753317777343494,-1,144.235
-0.8095864998406697,-1,144.329
-0.8042614545613924,1,144.452
-0.779335211042296,1,144.539
-0.7541120466070509,1,144.665
-0.7380476252313957,1,144.749
-0.7342741486862296,0,144.839
-0.7515371819042862,-1,144.963
-0.7896976812615581,-1,145.047
-0.8291146885521641,-1,145.164
-0.8652825393178981,-1,145.26
-0.9032651651427865,-1,145.366
-0.9376112654167235,-1,145.467
-0.9568285823467844,-1,145.56
-0.9626288871034365,0,145.68
-0.9565653760217411,1,145.769
-0.940692546529333,1,145.863
-0.9195076925652469,1,145.988
-0.8997476869756003,1,146.072
-0.8738532534057262,1,146.191
-0.8248392133711604,1,146.281
-0.7744733344904803,1,146.386
-0.7363116725611011,1,146.492
-0.7182280959498664,1,146.574
-0.718333424982768,-1,146.695
-0.7471600979211237,-1,146.787
-0.7810507024435058,-1,146.876
-0.7923192813630275,0,146.999
-0.7794075230273566,1,147.092
-0.7558747384358083,1,147.209
-0.7354818285910663,1,147.335
-0.7227986319316475,0,147.403
-0.7280762442689557,-1,147.512
-0.747490965942799,-1,147.602
-0.7760125799602563,-1,147.719
-0.792441816463114,0,147.806
-0.7875294842818509,1,147.899
-0.7671558731340864,1,148.026
-0.7420024630252662,1,148.108
-0.7218392774288835,1,148.236
-0.7152491211826801,0,148.334
-0.7229927814735302,-1,148.408
-0.7488772169232832,-1,148.538
-0.7754908175985982,-1,148.622
-0.7866277933555982,0,148.74
-0.7823011650018827,0,148.822
-0.7710318885390969,1,148.92
-0.7556375737259636,0,149.032
-0.7814221271190446,-1,149.129
-0.7864488476394257,-1,149.246
-0.8074523175337769,-1,149.361
-0.8321594248758811,-1,149.43
-0.8442882392391988,1,149.547
-0.38207551200198964,1,149.641
-0.3013469156661075,1,149.76
-0.18582633327831932,1,149.845
-0.09689329321352591,1,149.936
-0.09201847573811417,-1,150.061
-0.14814273501544528,-1,150.185
-0.251860322988137,-1,150.267
-0.3562461746848573,-1,150.372
-0.40391955112105093,0,150.443
-0.361004068493884,1,150.579
-0.27091348413188443,1,150.658
-0.16991032404494755,1,150.782
-0.1419223959637954,0,150.869
-0.15516714912669338,-1,150.962
-0.21492233795166826,-1,151.085
-0.3091691089472235,-1,151.168
-0.38153316607252985,-1,151.284
-0.35241017901463056,1,151.394
-0.27501120893224884,1,151.463
-0.17054441008187826,1,151.583
-0.11614792282858166,1,151.674
-0.101281528354214,-1,151.797
-0.14410437146109234,-1,151.886
-0.24350028084165276,-1,152.008
-0.34970384584424064,-1,152.098
-0.36269946165645783,1,152.191
-0.3112017819166759,1,152.341
-0.2386299604303328,1,152.411
-0.18854345940252892,1,152.489
-0.1664961529865232,0,152.608
-0.19540507979365673,-1,152.692
-0.282446654701478,-1,152.814
-0.3684988755091241,-1,152.908
-0.3893094892999106,0,152.998
-0.3576312704251027,1,153.117
-0.28658845072994077,1,153.21
-0.2294469555550661,1,153.341
-0.19866365243450812,1,153.418
-0.2119776603844179,-1,153.505
-0.28265981553942554,-1,153.629
-0.39394416355282447,-1,153.718
-0.4563418272380879,0,153.838
-0.40188238108750673,1,153.926
-0.31218843777839667,1,154.02
-0.21872325652198,1,154.145
-0.14131888996268793,1,154.228
-0.1019174132167816,1,154.348
-0.09470135765294974,-1,154.479
-0.16113487152010608,-1,154.538
-0.28830212433144253,-1,154.653
-0.2840031452863341,1,154.733
-0.1941919572038956,1,154.869
-0.058357272106215774,1,154.943
0.07608056059360413,1,155.04
0.17122863010569533,1,155.162
0.135515735379103,-1,155.249
0.06469680284015933,-1,155.428
-0.011499000032539786,-1,155.472
-0.19380764587830202,-1,155.562
-0.26454329588029146,-1,155.67
-0.22489070142490852,1,155.758
-0.1262557255018636,1,155.877
0.008760941701741132,1,155.971
0.0936755590003846,1,156.055
0.0890174593458577,-1,156.197
-0.02778877975350047,-1,156.264
-0.16801943591133306,-1,156.389
-0.22542132302916706,0,156.479
-0.16307454791355125,1,156.563
-0.03357255523991998,1,156.694
0.11131114703335099,1,156.781
0.1905367427034783,1,156.899
0.14858605134774794,-1,156.99
0.034444290732630556,-1,157.129
-0.04803704749505511,0,157.193
0.044080061647096436,1,157.29
0.3242814357543802,1,157.412
0.5531272529608158,1,157.501
0.6511332942406012,1,157.591
0.6185186402762686,-1,157.717
0.41904631571382556,-1,157.796
0.22562291619043107,-1,157.917
0.21011681183729936,1,158.007
0.3747267777318217,1,158.097
0.5709062650108454,1,158.221
0.7139395496975645,1,158.307
0.7239977726581546,-1,158.433
0.5927176935997578,-1,158.516
0.49585738893121234,-1,158.65
0.4739541742772613,1,158.73
0.5222780077528635,1,158.827
0.5663888608431473,1,158.941
0.5849143483036401,-1,159.032
0.4782589407276192,-1,159.116
0.44704675960504625,1,159.246
0.5599356502896717,1,159.402
0.6803153952156547,1,159.441
0.7825632871237587,1,159.536
0.8240161424425032,1,159.63
0.8312550411857678,-1,159.758
0.7074679205336099,-1,159.833
0.6196871780628901,-1,159.971
0.6707090802126425,1,160.048
0.8178491473130984,1,160.135
0.917770440483173,1,160.259
0.9589003049778748,0,160.358
0.9113478921743057,-1,160.472
0.7937313160012676,-1,160.554
0.7014074058956481,-1,160.651
0.7458931805456601,1,160.782
0.7963116932439025,1,160.854
0.806263846763843,-1,160.987
0.7561026628304821,-1,161.071
0.6363356349527525,-1,161.159
0.49795161156624457,-1,161.278
0.4941891674271297,1,161.455
0.6456358347022488,1,161.5
0.9945745042076963,1,161.599
1.0,-1,161.671
0.9182443773374453,-1,161.793
0.7377014460166176,-1,161.879
0.5985358044868347,-1,162.02
0.658759140191072,1,162.082
0.9146862551646593,1,162.178
1.0,1,162.301
0.9565891419337913,-1,162.41
0.7386267902274648,-1,162.508
0.511321419199801,-1,162.601
0.42461709503224765,0,162.73
0.5147982929827208,1,162.809
0.643004129434998,1,162.901
0.7281927161738488,-1,163.024
0.6231510765533705,-1,163.105
0.4220103028712687,-1,163.198
0.3365903849075358,-1,163.358
0.4037869266783596,1,163.417
0.49270788735895765,1,163.526
0.540248180424546,-1,163.621
0.4668471280401072,-1,163.723
0.2117543883878632,-1,163.822
-0.018123247752289906,-1,163.925
0.10600149156849392,1,164.064
0.34117902965182734,1,164.127
0.5493426049967547,1,164.212
0.6666137251923139,1,164.36
0.6338406507658099,-1,164.425
0.34556051210518013,-1,164.543
0.1747724667504511,-1,164.666
0.19885163036722941,1,164.731
0.23449044981838774,1,164.862
0.24973414172662678,-1,164.934
0.2087021973013672,-1,165.064
0.046974049470354995,-1,165.145
-0.10139213059510943,-1,165.238
-0.018706754871768205,1,165.398
0.1409532227547048,1,165.465
0.0032904277210743516,-1,165.57
-0.27087505351692487,-1,165.659
-0.6538283591365482,-1,165.75
-1.0,-1,165.871
-1.0,0,165.994
-0.989803853016348,1,166.079
-0.9059531272604515,1,166.172
-0.8998257944736475,-1,166.264
-1.0,-1,166.373
-1.0,0,166.498
-1.0,1,166.588
-0.8732530222275411,1,166.677
-0.5359792345802437,1,166.772
-0.10053673728505319,1,166.885
0.25558974214549335,1,166.974
0.3487313802385872,0,167.109
0.2440711300115228,-1,167.183
0.07331967434339592,-1,167.304
-0.008052232728535946,-1,167.398
0.05140896470958278,1,167.49
0.2102428343108198,1,167.609
0.31992076847073436,1,167.7
0.2794108328463496,-1,167.79
0.14753586658311657,-1,167.921
0.02898428277394771,-1,167.999
0.028275517316642462,1,168.14
0.11636426789456711,1,168.205
0.22447916299962656,1,168.298
0.24473999807553692,-1,168.413
0.15056102775685165,-1,168.51
0.02582065417643653,-1,168.638
0.0030157735517839512,1,168.759
0.11181596505927094,1,168.831
0.20727399886879327,1,168.924
0.214340531292464,-1,169.019
0.09358050941930629,-1,169.146
-0.17074441495166448,-1,169.223
-0.43950499069451887,-1,169.344
-0.39661294600005137,1,169.439
-0.23892436627684543,1,169.526
-0.1338651421168603,1,169.643
-0.12445170420541896,-1,169.741
-0.22021718263383716,-1,169.833
-0.5026484828429452,-1,169.946
-0.6556831489839066,-1,170.07
-0.5602908285280442,1,170.166
-0.4074110581492778,1,170.244
-0.29593774129121997,1,170.38
-0.3136381024799748,-1,170.453
-0.47958309570915214,-1,170.546
-0.6999058890899408,-1,170.669
-0.7174912519097931,1,170.802
-0.5187013163792886,1,170.859
-0.26173863452344837,1,170.972
-0.03150251236232371,1,171.062
0.09427049963270973,1,171.184
0.04668229705721538,-1,171.264
-0.09987256303201342,-1,171.421
-0.1386974205161774,1,171.481
-0.047794730258418405,1,171.568
0.04571537199625553,1,171.687
0.14505753438803293,1,171.777
0.17935051737531404,-1,171.87
0.11952554958659234,-1,171.991
0.04751544850537326,-1,172.073
0.0755234185964091,1,172.198
0.11711762455614183,1,172.289
0.14207227060759187,0,172.405
0.13132579037909653,-1,172.498
0.06612406211789379,-1,172.59
0.005724102484668592,-1,172.712
0.022464579328925316,1,172.801
0.045081707514556424,-1,172.932
-0.002907815899345745,-1,173.002
-0.1842226931679235,-1,173.103
-0.46039949025212823,-1,173.227
-0.6636884436026877,-1,173.302
-0.6611373573374826,1,173.46
-0.45841400820947475,1,173.516
-0.16272034508898137,1,173.604
0.04582332964869229,1,173.734
0.04090421574632752,-1,173.814
-0.11276176797084159,-1,173.943
-0.2523064213681051,-1,174.023
-0.2579530759716784,1,174.118
-0.14610190733008888,1,174.245
-0.03223944068548512,1,174.351
0.002879653033493579,-1,174.414
-0.0810855846024231,-1,174.548
-0.24826035630719068,-1,174.621
-0.25810093101740617,1,174.743
-0.12440711300115215,1,174.848
0.07871051624880043,1,174.923
0.2577676704381442,1,175.053
0.3942331838354529,1,175.147
0.37763821513143947,-1,175.26
0.31111987289160026,-1,175.419
0.2977777151936314,1,175.457
0.4272494502373898,1,175.568
0.572091069320547,1,175.646
0.6559084519107332,1,175.767
0.6986667229923991,1,175.862
0.6914335602790931,-1,175.95
0.5818330740002773,-1,176.067
0.5303255392602086,1,176.196
0.6186208175210581,1,176.281
0.7147383317726417,1,176.401
0.7303382125498417,0,176.472
0.7103003334952693,-1,176.579
0.6232489151429377,-1,176.67
0.4315325527525684,-1,176.788
0.30033818908078835,-1,176.919
0.31643326691591,-1,176.976
0.2799294989591461,-1,177.091
0.20298385563714882,-1,177.178
0.14016423644603448,-1,177.3
0.04078217666096329,-1,177.418
-0.0940663188552735,-1,177.539
-0.0478589540657427,1,177.599
0.17641937706459232,1,177.691
0.27083260608458426,0,177.81
0.17520036511119663,-1,177.897
0.019340291649375452,-1,178.024
-0.1256233329842532,-1,178.111
-0.17648032291137283,1,178.197
-0.061265596298707425,1,178.32
0.19765546009412005,1,178.436
0.36757505015695635,1,178.506
0.2440565992790109,-1,178.618
0.05079218874896041,-1,178.71
-0.06403944798233974,-1,178.848
-0.03641739056784388,1,178.916
0.13493941463259818,1,179.009
0.434756255723717,1,179.133
0.5639124013403436,0,179.22
0.4439539032433961,-1,179.379
0.2901983515698203,-1,179.448
0.24580349060648943,1,179.571
0.36273547985889887,1,179.633
0.5478573414622578,1,179.729
0.7007208881233187,1,179.851
0.6439016119953633,-1,179.942
0.3729209193188525,-1,180.031
0.23087272899896272,-1,180.16
0.21747763754857408,0,180.281
0.23268478268241077,-1,180.377
0.19383956000732572,-1,180.45
0.11265792739578595,-1,180.538
-0.04870165539784421,-1,180.667
-0.011475887885959657,1,180.743
0.34459266091131546,1,180.864
1.0,1,180.963
1.0,0,181.045
1.0,0,181.176
1.0,0,181.26
1.0,-1,181.447
0.9485914823990007,-1,181.491
0.786797408921057,-1,181.573
0.5291293586236419,-1,181.678
0.1398879504582633,-1,181.77
-0.2988304260669262,-1,181.891
-0.6988249947674259,-1,181.981
-0.9279940733609784,-1,182.067
-0.9960386417776724,1,182.188
-0.8583195651516823,1,182.278
-0.6127792298448931,1,182.392
-0.3626547601598915,1,182.534
-0.20689570609527885,1,182.572
-0.17202936629104293,-1,182.697
-0.23546698801612087,-1,182.789
-0.33261550587160393,-1,182.908
-0.3540670647795565,1,182.999
-0.25704515526345717,1,183.088
-0.09907330679881066,1,183.219
-0.03430572720237268,1,183.299
-0.0667379931665717,-1,183.414
-0.2211990265985876,-1,183.508
-0.4873924898442439,-1,183.598
-0.8256409262027369,-1,183.738
-1.0,-1,183.804
-1.0,0,183.926
-1.0,1,184.024
-0.9487084001957666,1,184.107
-0.7654667199197224,1,184.228
-0.47106923513166654,1,184.358
-0.10130446297562312,1,184.453
0.23600058180384798,1,184.525
0.43698159405726167,1,184.618
0.4703272930912692,-1,184.737
0.34149848603078525,-1,184.83
0.1833255396254374,-1,184.948
0.07043758945589507,-1,185.038
0.04974091251290469,1,185.129
0.08943433789253397,1,185.253
0.16476846054607108,1,185.34
0.1733069531718967,-1,185.453
0.1364041016223707,-1,185.549
0.11382745915173187,0,185.639
0.1502044130864173,1,185.762
0.26481029546444135,1,185.849
0.4364680147649307,1,185.971
0.5698261742559376,1,186.059
0.5949214398981939,-1,186.15
0.535196526991103,-1,186.279
0.3556010701779575,-1,186.389
0.1230387216992459,-1,186.513
-0.11211805501268046,-1,186.57
-0.31142661809457306,-1,186.662
-0.4674665995791868,-1,186.784
-0.5058343839441083,0,186.872
-0.4718689785315321,1,186.991
-0.3674171841546573,1,187.074
-0.25534413839730075,1,187.197
-0.14117413512346977,1,187.286
-0.04750371563247269,1,187.385
0.012834270710297968,1,187.505
0.032001580535534035,1,187.589
0.06243447007761049,1,187.678
0.08997255382988478,1,187.805
0.10181425201487482,-1,187.89
0.06954593241884033,-1,188.013
-0.0017240913697357252,-1,188.101
-0.07280365494104468,-1,188.187
-0.10709502211849498,-1,188.315
-0.09653821972760357,1,188.422
-0.033639917429336585,1,188.521
0.0429734156386794,1,188.613
0.04939884217244073,-1,188.699
-0.0043791636522304556,-1,188.832
-0.09019428363506077,-1,188.956
-0.16454104536127445,-1,189.023
-0.1929281458034553,1,189.12
-0.13330556972952312,1,189.203
-0.0553230077363801,1,189.336
-0.036958284000820685,-1,189.447
-0.07354464941817229,-1,189.538
-0.17392002660757644,-1,189.632
-0.3255718425888945,-1,189.764
-0.491868248907814,-1,189.837
-0.6086753207620109,-1,189.93
-0.6797539367700501,-1,190.053
-0.680114010812644,1,190.138
-0.5583303366644917,1,190.235
-0.4056636804210215,1,190.375
-0.26734881746472816,1,190.498
-0.18117267587603358,1,190.555
-0.1814787388122383,-1,190.649
-0.3160706256807644,-1,190.739
-0.4432999459415159,-1,190.867
-0.4713951968965413,-1,190.943
-0.50278702046784,-1,191.069
-0.5478967174986982,-1,191.16
-0.5890058024036833,-1,191.249
-0.6485516258527476,-1,191.396
-0.7481680048628948,-1,191.465
-0.7472384452950402,1,191.584
-0.6265075139398398,1,191.668
-0.43104321504427245,1,191.755
-0.2744858640142471,1,191.879
-0.19306649004087328,1,191.971
-0.20866432902807952,-1,192.088
-0.3204777424494608,-1,192.181
-0.4905577689054268,-1,192.268
-0.602509526564225,-1,192.418
-0.5956396928568416,1,192.48
-0.5333393029819342,1,192.599
-0.4078279149296652,1,192.686
-0.2638456760555973,1,192.78
-0.1716818821638747,1,192.903
-0.18592091542192368,-1,193.031
-0.23426843614631732,-1,193.103
-0.3052797751621873,-1,193.2
-0.30681293253302133,1,193.281
-0.24749831452183335,1,193.405
-0.1930048984283238,1,193.498
-0.18083723847845956,0,193.62
-0.19390508353480862,-1,193.703
-0.2604240250876847,-1,193.799
-0.31738489593623287,-1,193.923
-0.2959775465407538,1,194.061
-0.10375675671834206,1,194.134
0.11771910150155618,1,194.216
0.2755869325339686,1,194.309
0.3470568921725117,1,194.426
0.3285320302443253,-1,194.521
0.16836256802912097,-1,194.66
-0.011002630909419109,-1,194.723
-0.1729620401416223,-1,194.826
-0.2967062226953717,-1,194.939
-0.3757273140324169,-1,195.038
-0.410881911348823,-1,195.149
-0.4093866565087878,1,195.239
-0.34687401246140437,1,195.329
-0.241057726975752,1,195.509
-0.10973682851521083,1,195.551
0.0345164134540723,1,195.652
0.11902484368759403,1,195.753
0.1175873902070288,-1,195.833
0.03649682068833893,-1,195.96
-0.10645446934798608,-1,196.043
-0.2960552467288926,-1,196.169
-0.448672629682324,-1,196.259
-0.5109787049368516,-1,196.351
-0.49682210968329077,1,196.464
-0.40460904250152896,1,196.56
-0.22544935496132845,1,196.678
0.04780404892706458,1,196.768
0.3719371998987637,1,196.889
0.44270435401519337,1,196.98
0.392220211480399,-1,197.067
0.20033603020944857,-1,197.188
0.0048289489787793904,-1,197.28
-0.11617400851482496,-1,197.365
-0.1405623396638035,0,197.49
-0.12887970522498382,1,197.579
-0.09074954461252549,0,197.707
-0.11889860989483003,-1,197.788
-0.1802811579496456,-1,197.88
-0.21580316329428373,0,198.003
-0.19233214233517193,1,198.089
-0.14153430823285884,1,198.214
-0.11597676305949056,-1,198.299
-0.1734761897406223,-1,198.394
-0.3007006966566893,-1,198.511
-0.4138898823775444,-1,198.592
-0.3716377670388583,1,198.717
-0.2745228977020905,1,198.809
-0.18529428190177866,1,198.898
-0.14159728419148943,0,199.021
-0.17493770727110913,-1,199.113
-0.349205255284336,-1,199.225
-0.5350203676739602,-1,199.35
-0.6517166201146503,1,199.448
-0.42736278885350354,1,199.523
-0.08440300434453185,1,199.623
0.2848624325708653,1,199.744
0.538616099460002,1,199.827
0.4984485831239138,-1,199.921
0.31392662976378194,-1,200.046
0.027809800100747184,-1,200.127
-0.36655627784119493,-1,200.247
-0.7164018416637616,-1,200.343
-0.9587036673829945,-1,200.456
-1.0,-1,200.55
-1.0,1,200.644
-0.8668683751482448,1,200.762
-0.6533535936706136,1,200.847
-0.4148377886611465,1,200.986
-0.2863976310439552,1,201.055
-0.21731023887555112,1,201.151
-0.21602025317815032,-1,201.271
-0.29492012760254016,-1,201.36
-0.38941305997789644,-1,201.464
-0.3525988483685226,1,201.564
-0.35108657248131203,1,201.658
-0.21847539560942453,1,201.78
-0.045148075723853376,1,201.87
0.08710164300635403,1,201.959
0.11955635083583127,-1,202.08
0.018011035870649783,-1,202.202
-0.24512072213475256,-1,202.29
-0.4554519122275428,-1,202.38
-0.5059290532564612,1,202.501
-0.3868009163452344,1,202.586
-0.25099848741165065,1,202.692
-0.1611452035969967,1,202.806
-0.17833400360481222,-1,202.888
-0.2603524379700384,-1,202.982
-0.3282446973927797,0,203.103
-0.2675799726138478,1,203.191
-0.16334163167415472,1,203.312
-0.09432754946033639,1,203.397
-0.11225391945996188,-1,203.495
-0.2569397520918175,-1,203.62
-0.4982814456371848,-1,203.692
-0.7372329565159346,-1,203.819
-0.9054559012926207,-1,203.91
-0.9874547973799169,0,203.998
-0.9066347107276544,1,204.117
-0.6888496676050475,1,204.21
-0.3241335180786059,1,204.333
0.18875116212048915,1,204.489
0.7922560035429409,1,204.528
1.0,1,204.63
1.0,-1,204.718
0.9035573651011717,-1,204.835
0.6371311943874958,-1,204.929
0.2594079185389866,-1,205.017
-0.07484650031198048,-1,205.15
-0.2319981962803529,-1,205.23
-0.10826643665745639,1,205.348
0.1468091465364909,1,205.447
0.4664856829752988,1,205.529
0.7287918748721931,1,205.645
0.8079943056990206,-1,205.769
0.6880915177986238,-1,205.858
0.400645983315594,-1,205.951
-0.003464557433264792,-1,206.049
-0.4147270563190488,-1,206.157
-0.6994368619472839,-1,206.25
-0.7149388885102014,1,206.369
-0.5599238662520907,1,206.476
-0.3202401988286314,1,206.542
-0.1325550422877878,1,206.676
-0.06973290267778975,-1,206.798
-0.1948698857469452,-1,206.878
-0.3208982418976808,-1,206.969
-0.3417013166104751,0,207.06
-0.30921863284342754,1,207.187
-0.28852304723753075,1,207.263
-0.268017533832852,0,207.386
-0.2942107940036812,-1,207.481
-0.36537382614030234,0,207.569
-0.3048430396870764,1,207.691
-0.06972765930672209,1,207.809
0.13500107489106883,1,207.899
0.025763303743242094,-1,207.99
-0.145131267794691,-1,208.078
-0.3065209184288771,-1,208.196
-0.42185410844340077,-1,208.344
-0.41267296570310996,1,208.439
-0.12462182186171133,1,208.514
0.04368121352579979,1,208.585
0.0021746881505060323,-1,208.708
-0.11508937325985613,-1,208.797
-0.24085162832888507,-1,208.933
-0.2792986466859272,1,209.011
-0.14807804233497834,1,209.098
0.1155534115993857,1,209.22
0.35469963348836275,1,209.309
0.48743819376353503,1,209.468
0.37190182312012054,-1,209.539
0.1742214904806596,-1,209.661
-0.07420418735613565,-1,209.722
-0.3460821531378955,-1,209.82
-0.5844811946496644,-1,209.943
-0.6628905656024371,-1,210.022
-0.7008001384249962,0,210.112
-0.6523854716674449,1,210.238
-0.5526499997378318,1,210.332
-0.42389377978890275,1,210.492
-0.3168123449928433,1,210.55
-0.29989985161259913,-1,210.628
-0.40340006396912753,-1,210.747
-0.5645826014461219,-1,210.838
-0.7603386169035804,-1,210.958
-0.9757979099922924,-1,211.046
-1.0,-1,211.138
-1.0,1,211.266
-0.8803281042242797,1,211.349
-0.6406709406778074,1,211.482
-0.28777287397077245,1,211.559
0.044050613946927,1,211.681
0.133069484933799,1,211.766
0.06411141560492628,-1,211.861
-0.1383256446910902,-1,211.976
-0.4306642612348849,-1,212.068
-0.7401859007572122,-1,212.157
-0.8528849575199913,-1,212.277
-0.8449095778217524,1,212.369
-0.7325426204640649,1,212.483
-0.48895394929865854,1,212.58
-0.20893921706940988,1,212.667
0.007568370652899281,1,212.79
0.07530166736374277,0,212.881
0.015872104274219145,-1,213.006
-0.1748303608771925,-1,213.086
-0.39448290499584815,-1,213.18
-0.5507681359360268,-1,213.296
-0.5767592841135383,1,213.387
-0.4947232400916399,1,213.502
-0.34751955453733907,1,213.597
-0.17297135330507607,1,213.693
-0.05037548457173491,1,213.816
-0.03700536228174767,-1,213.94
-0.1182248912249595,-1,214.019
-0.26535366713901387,-1,214.11
-0.4169320756837064,-1,214.197
-0.5059734195626526,-1,214.318
-0.48971553064116413,1,214.409
-0.3910170856404467,1,214.525
-0.24259112445612496,1,214.618
-0.10473116802856597,1,214.707
-0.036699481250741295,0,214.834
-0.09904427783985614,-1,214.976
-0.2216963288033813,-1,215.042
-0.3540991179389865,-1,215.124
-0.4515515659236048,-1,215.221
-0.46955484946283566,1,215.343
-0.3770114799023676,1,215.431
-0.27700835866735707,1,215.543
-0.26549349846747405,0,215.639
-0.2920564568988666,-1,215.73
-0.3562278002159892,-1,215.86
-0.4291460925258911,-1,215.939
-0.4602810360003242,1,216.065
-0.399631694268788,1,216.144
-0.355025500490033,1,216.24
-0.3470513692857987,1,216.366
-0.32240235216270363,1,216.449
-0.31762311711498004,0,216.566
-0.31979674517613177,1,216.693
-0.2925808243805911,1,216.751
-0.2123863090147512,1,216.867
-0.1359472636132668,1,216.959
-0.05169639122808123,1,217.081
-0.029232238612174388,0,217.17
-0.04199933829817781,-1,217.26
-0.05415592441617312,0,217.379
-0.04008789397788948,1,217.536
-0.0022010949292421422,1,217.593
0.08830098693450994,1,217.685
0.1638111527969388,1,217.771
0.1831490764265602,-1,217.893
0.12635508417970787,-1,217.975
0.05433321056475582,-1,218.103
0.0136747548269891,-1,218.227
0.016757286523131576,0,218.288
0.02253032279812439,0,218.397
0.012973101196682046,-1,218.496
-0.0442466275055714,-1,218.607
-0.11592391677539016,-1,218.7
-0.15374329714781532,0,218.784
-0.12758734776176295,1,218.924
-0.08150793105816112,1,219.0
-0.05299607348635693,1,219.123
-0.06169557970697814,-1,219.204
-0.11449439114068627,-1,219.3
-0.1893054003608149,-1,219.426
-0.1813799604227404,1,219.516
-0.1283689050083333,1,219.63
-0.08613360134337955,1,219.722
-0.06649853614078005,0,219.808
-0.07065726966846197,-1,219.94
-0.10101239435550746,-1,220.019
-0.11216355022999736,1,220.147
-0.07890522207831985,1,220.276
0.01895833261763502,1,220.315
0.08087848817036547,1,220.432
0.10098903779230506,0,220.53
0.07820166202321577,-1,220.659
0.013316110769483913,-1,220.732
-0.0423888062495924,0,220.854
0.007285007094001372,1,220.948
0.13274852729318876,1,221.037
0.3110025245413992,1,221.169
0.30919397182126174,-1,221.25
0.2516109745291355,-1,221.347
0.16622911802912266,-1,221.466
0.17931180852794526,1,221.642
0.24945887937448785,1,221.69
0.29748049612152094,1,221.786
0.2964399589400717,-1,221.85
0.25889803809191836,-1,221.975
0.19852375851939819,-1,222.054
0.17134591832774104,0,222.178
0.20113335970461943,1,222.268
0.24873545828643295,1,222.358
0.2660414084248821,-1,222.513
0.23276238672803085,-1,222.577
0.18651463812842084,-1,222.688
0.18159273209553395,1,222.827
0.2396398420035133,1,222.871
0.29690076826328426,1,222.983
0.3433301979580681,1,223.078
0.3455103711001537,-1,223.196
0.2824885024770556,-1,223.296
0.23779990800329998,-1,223.374
0.2358641785165405,0,223.538
0.23411178177127523,-1,223.61
0.20169657109965744,-1,223.71
0.14255937462063617,-1,223.799
0.016723744810733576,-1,223.892
-0.09493084969770782,-1,224.02
-0.07202912182791077,1,224.139
-0.03116243693807985,1,224.22
-0.021941295534857908,0,224.312
-0.03366302946619748,-1,224.401
-0.06093666514439944,-1,224.522
-0.14135036951457225,-1,224.609
-0.07834346003737125,1,224.728
0.165931047254545,1,224.82
0.23372176337318962,1,224.903
0.21892533300410122,-1,225.04
0.16699959162611977,-1,225.124
0.13674826757669645,0,225.238
0.1739556655808352,1,225.361
0.33164496586859604,1,225.42
0.4370370839361326,1,225.535
0.38188445024117224,-1,225.631
0.26125270534505507,-1,225.749
0.09859116287364333,-1,225.836
0.018296627169420487,-1,225.957
0.08223721351833557,1,226.048
0.24030639648566332,1,226.137
0.29967150700514167,1,226.262
0.2940091446202806,-1,226.347
0.22633304525563425,-1,226.443
0.048010819339569855,-1,226.612
0.012659265123935448,1,226.65
0.0800371643728146,1,226.769
0.094536572080687,-1,226.859
-0.005067321260937563,-1,226.949
-0.22035315794737953,-1,227.074
-0.4969698503423008,-1,227.155
-0.5708527199042683,0,227.281
-0.4921302873972535,1,227.401
-0.27572855546999653,1,227.473
0.02773368761984818,1,227.577
0.24726186434553843,1,227.667
0.2292288053417768,-1,227.792
0.17418161063445692,-1,227.913
0.09447840335824931,-1,227.973
0.06300401369812425,1,228.092
0.13604840986363187,1,228.184
0.2677455781811926,1,228.299
0.371371408231149,1,228.389
0.34262191454627877,-1,228.477
0.19310552221035548,-1,228.594
0.05590025898785944,-1,228.687
0.05772913061089202,1,228.818
0.1326852499662441,1,228.904
0.3105644953418989,1,228.984
0.49864982631856636,1,229.109
0.5727068527451502,0,229.202
0.49796246517165454,-1,229.318
0.41888524751138445,-1,229.44
0.30612733365246414,-1,229.53
0.2055976973401592,-1,229.62
0.13946680413889445,-1,229.71
0.08788096377852317,-1,229.828
0.012369432067851571,-1,229.921
-0.06258975586405024,-1,230.009
-0.12561524959801584,-1,230.133
-0.12643149095997397,1,230.256
0.10922598225135327,1,230.339
0.41506486970823975,1,230.43
0.6761362938959867,1,230.539
0.8185059714499643,1,230.638
0.8298535675270957,-1,230.729
0.5786169311779643,-1,230.852
0.301917246627633,-1,230.942
0.3113991481631486,1,231.028
0.4569754882105286,1,231.149
0.5371512562752385,1,231.238
0.50847233985099,-1,231.357
0.467733917590309,-1,231.45
0.283404524309264,-1,231.566
0.14581568901817743,-1,231.704
0.17878140688097477,-1,231.749
0.11099961949650772,-1,231.864
-0.06444317609947214,-1,231.959
-0.2546703735071374,-1,232.051
-0.327776141203621,1,232.171
-0.23882731278614677,1,232.295
0.15847970443470816,1,232.374
0.6034631954928744,1,232.469
0.7368542180653235,1,232.587
0.6598912496471141,-1,232.682
0.43036479238011016,-1,232.801
0.17468792576499603,-1,232.885
0.06636717359551225,1,232.981
0.34664788697818927,1,233.063
0.7631878445201719,1,233.19
0.871622618728199,0,233.281
0.7571907700563443,-1,233.4
0.6777300778105715,-1,233.486
0.6106587067346396,-1,233.643
0.6262442983632956,1,233.703
0.7813556479742407,1,233.787
0.9685437349074315,1,233.909
0.9439126643412936,-1,233.998
0.7400120740541993,-1,234.085
0.578474644486183,-1,234.212
0.4629292997048564,-1,234.356
0.3408706734639122,-1,234.422
0.18455862624094332,-1,234.527
0.04599879259458106,-1,234.592
-0.1344278239871214,-1,234.718
-0.2131238261336188,0,234.805
-0.1392473839549223,1,234.93
-0.08988797960826622,1,235.014
-0.10155285752616039,0,235.112
-0.10255902870941958,1,235.237
-0.06218473302924632,1,235.32
0.06349275556748091,1,235.446
0.39828615508451937,1,235.548
0.8050811644754488,1,235.612
0.729168902602632,-1,235.749
0.46729272873624805,-1,235.833
0.1609907432251143,-1,235.948
-0.10406828548430558,-1,236.07
-0.28246914408371393,1,236.129
-0.02110611752079483,1,236.261
0.20495707002951558,1,236.341
0.19569358733565756,-1,236.46
0.062469814864502426,-1,236.563
-0.08607794472766406,-1,236.686
-0.15047290045613204,0,236.758
-0.07448349879259519,1,236.845
0.08006439495572804,1,236.967
0.12255165012073976,-1,237.058
0.0586161792326263,-1,237.148
-0.022933995170378974,-1,237.266
-0.08003756372417481,-1,237.395
-0.0955225382345053,-1,237.481
-0.1805406493158047,-1,237.586
-0.4276998926750748,-1,237.658
-0.8171921116179239,-1,237.788
-1.0,-1,237.869
-0.9487708244125417,1,237.987
-0.7332218266586482,1,238.111
-0.5177717627381165,1,238.17
-0.4113962500985461,1,238.29
-0.4275502900770898,-1,238.381
-0.704827816483921,-1,238.539
-0.8611556399241294,-1,238.598
-0.7364897348418679,1,238.679
-0.5367423252851691,1,238.798
-0.45898033226309753,1,238.885
-0.516195004768919,-1,239.013
-0.6499720975673106,-1,239.098
-0.7434738451407242,1,239.19
-0.5903768296962264,1,239.314
-0.23539296054858716,1,239.439
-0.12040711272428095,1,239.546
-0.11675892761907869,-1,239.616
-0.21034105893210142,-1,239.703
-0.36862900894578177,-1,239.822
-0.4757774421584883,1,239.944
-0.20214500917456735,1,240.029
0.10457460770416249,1,240.12
0.21379137637058188,0,240.207
0.10697066148088252,-1,240.34
-0.049876564584471095,-1,240.411
-0.21370480926638924,-1,240.569
-0.24643644969755563,1,240.633
-0.0801132174055521,1,240.721
0.12717480526266112,1,240.839
0.14942873440439608,-1,240.93
0.037670602893506766,-1,241.048
-0.02114865272214772,-1,241.139
-0.038944375998033465,1,241.277
0.07908059551984326,1,241.342
0.2927096585700657,1,241.445
0.4214689510076566,-1,241.553
0.26052524590468185,-1,241.649
-0.028321355640850365,-1,241.74
-0.23091620458898343,-1,241.857
-0.39249370456193156,-1,241.984
-0.39062942013952595,1,242.069
-0.19714575890752117,1,242.159
0.09883953705149473,1,242.245
0.3349513137330993,1,242.371
0.6493104775567053,1,242.458
1.0,1,242.636
1.0,0,242.681
1.0,0,242.763
1.0,0,242.881
1.0,0,242.969
1.0,0,243.089
0.9969021277176788,-1,243.179
0.9441393035505203,-1,243.27
0.8233632481404238,-1,243.387
0.6606677749596339,-1,243.48
0.4754713374274182,-1,243.599
0.27789706529939373,-1,243.687
0.0614146779407605,-1,243.777
-0.1348197430899516,-1,243.902
-0.3196526286683762,-1,243.994
-0.4938998371696881,-1,244.119
-0.6631665545857048,-1,244.199
-0.8038304380032978,-1,244.288
-0.9200612405826389,-1,244.409
-1.0,-1,244.495
-1.0,0,244.619
-1.0,1,244.708
-0.9757940485920632,1,244.798
-0.9134717813481124,1,244.927
-0.835136727676022,1,245.01
-0.727230579661877,1,245.136
-0.5959415982869887,1,245.227
-0.4653087973633775,1,245.312
-0.352510220795631,1,245.427
-0.25292120132260854,1,245.558
-0.1929839929985382,1,245.639
-0.17058625673845307,1,245.723
-0.1561602038952663,0,245.818
-0.1611237048906936,-1,245.949
-0.19086008398118082,-1,246.025
-0.24659410115261327,-1,246.15
-0.3391023220027879,-1,246.239
-0.48458595757305745,-1,246.328
-0.6696156220532821,-1,246.462
-0.8688862204584498,-1,246.561
-1.0,-1,246.667
-1.0,0,246.748
-1.0,0,246.838
-1.0,0,246.964
-1.0,0,247.047
-1.0,0,247.171
-1.0,0,247.259
-1.0,1,247.348
-0.9841173741972427,1,247.469
-0.955949285812692,1,247.564
-0.9179477716167898,1,247.685
-0.8832476595056238,1,247.771
-0.8522230746771592,1,247.859
-0.8307791283641254,0,247.988
-0.8529814365649241,-1,248.068
-0.8971067230045293,-1,248.188
-0.9570855647078602,-1,248.276
-1.0,-1,248.368
-1.0,0,248.501
-1.0,0,248.604
-1.0,0,248.699
-1.0,0,248.788
-0.9868357520398154,1,248.877
-0.9682748638856513,1,249.013
-0.950511312952521,1,249.092
-0.9395578636506592,0,249.209
-0.9355711775454878,0,249.301
-0.9325291372974948,0,249.389
-0.9286207819750351,1,249.513
-0.9041055852186307,1,249.614
-0.8426030605122837,1,249.717
-0.7383097152383772,1,249.809
-0.5981233347401701,1,249.9
-0.4244826953271593,1,250.027
-0.24605803258794423,1,250.108
-0.09212167693345519,1,250.234
0.024246300039632906,1,250.319
0.0899202312044114,1,250.411
0.10529060135827883,0,250.561
0.08870902686278193,-1,250.632
0.06163580394857249,-1,250.742
0.031149930963690675,-1,250.824
0.004029943403087266,-1,250.916
-0.01982587183914919,-1,251.042
-0.04928642995182053,-1,251.134
-0.08637079454303387,-1,251.246
-0.13302671313513692,-1,251.345
-0.1852534702290417,-1,251.433
-0.23830094686717762,-1,251.599
-0.2830289929116483,-1,251.634
-0.32213826669176415,-1,251.758
-0.3435868717608177,0,251.848
-0.33631964571103934,1,251.937
-0.29887519334258483,1,252.06
-0.2339717097271632,1,252.151
-0.1467346001096631,1,252.271
-0.051270420075128054,1,252.358
0.03612452022395507,1,252.447
0.10607858565003436,1,252.582
0.15901499625298232,1,252.657
0.19643840453055916,1,252.784
0.22041697696958096,1,252.868
0.23057776551504827,0,252.961
0.22495782413453247,-1,253.078
0.19300938683364732,-1,253.171
0.13921133762087123,-1,253.292
0.06767662714664313,-1,253.379
-0.00616708774333663,-1,253.468
-0.07644032188106131,-1,253.582
-0.13977368249377187,-1,253.677
-0.19639280900032385,-1,253.814
-0.2406473630000454,-1,253.889
-0.2805574813496752,-1,253.977
-0.3148803935712646,-1,254.103
-0.34867252705627083,-1,254.188
-0.37916073827347263,-1,254.304
-0.40909011196625467,-1,254.4
-0.4326805378401988,-1,254.49
-0.45176869738246583,-1,254.609
-0.4613215455247991,0,254.694
-0.46670415632485995,0,254.829
-0.4691218885434799,0,254.91
-0.4639637480461144,1,254.999
-0.44192006285168517,1,255.13
-0.4022601353602695,1,255.206
-0.34495239943555067,1,255.327
-0.27241692552846986,1,255.422
-0.20136155267979028,1,255.509
-0.14251993635331617,1,255.626
-0.08561437638759506,1,255.72
-0.04416102470693206,1,255.84
-0.03016553515707643,0,255.928
-0.03819502494309357,-1,256.018
-0.05538921630636506,-1,256.149
-0.09173236125221718,-1,256.229
-0.1324725520753569,-1,256.35
-0.1648138124059595,-1,256.442
-0.19779574839217295,-1,256.526
-0.2356575752297021,-1,256.649
-0.280255849380427,-1,256.74
-0.32928858112555504,-1,256.864
-0.37633030805041723,-1,256.984
-0.41125999155898174,-1,257.073
-0.4380795162664981,-1,257.16
-0.44939889892640117,0,257.249
-0.4411811814386445,1,257.37
-0.4149415383464262,1,257.461
-0.36700426844309986,1,257.552
-0.30110703609178513,1,257.665
-0.227784747009109,1,257.759
-0.15769506410848455,1,257.882
-0.09867574212571084,1,257.968
-0.058009205620643045,1,258.061
-0.031234107327201777,1,258.183
-0.011762477684495343,1,258.264
-0.0016238715555639827,1,258.388
0.007577030762244474,1,258.48
0.02186839886635461,1,258.59
0.029864725071500287,0,258.685
0.013592897148313243,-1,258.777
0.00044112256373018965,0,258.904
0.010642751918950921,1,258.989
0.029243632971077238,-1,259.081
-0.03528788081754153,-1,259.21
-0.06846949041917383,-1,259.285
-0.11075452392285245,-1,259.406
-0.15848527082733677,-1,259.496
-0.17586557106361456,0,259.601
-0.16737398237268608,1,259.707
-0.13268938627418125,1,259.802
-0.07032399714603665,1,259.923
-0.0017984535009993863,1,260.039
0.02528190497363103,1,260.098
0.031153242869126796,0,260.223
0.025834836794856875,-1,260.304
0.0006583878902224338,-1,260.428
-0.025652426297133157,-1,260.525
-0.036342441507509204,0,260.642
-0.03970373494994617,0,260.725
-0.050769971811878034,-1,260.822
-0.06574663371877099,-1,260.941
-0.0911605962923171,-1,261.026
-0.14559682909751548,-1,261.157
-0.2024937035126374,-1,261.239
-0.22777085821289023,0,261.331
-0.19408001930511154,1,261.447
-0.06134788057052731,1,261.541
0.21990630560788738,1,261.648
0.5873456517422584,1,261.788
0.9818406549296921,1,261.845
1.0,1,261.959
1.0,0,262.05
1.0,0,262.139
1.0,0,262.264
1.0,0,262.345
1.0,0,262.465
0.9977946533824642,-1,262.559
0.9001042686802365,-1,262.67
0.7446313761780778,-1,262.767
0.5599484250846045,-1,262.861
0.3643802820983417,-1,262.977
0.17439425423629396,-1,263.069
0.07068230269999876,-1,263.16
0.013262409961264598,-1,263.282
-0.02446842856247422,-1,263.37
-0.02069264868734011,1,263.519
0.02445899248281469,1,263.618
0.10293482297577539,1,263.676
0.20831156856626198,1,263.786
0.3356258513534369,1,263.913
0.44679095780926614,1,264.001
0.5306202700747826,1,264.088
0.5992546674255479,1,264.178
0.6535952383099866,1,264.298
0.7001930210730973,1,264.395
0.7379231364774832,1,264.509
0.7552533177741814,0,264.616
0.7388889318458358,-1,264.685
0.6936140703345497,-1,264.812
0.6045507984208007,-1,264.905
0.43259532429349723,-1,265.018
0.2205105081659029,-1,265.109
0.030607451910134698,-1,265.2
-0.10038672402237658,-1,265.327
-0.20885325095102913,-1,265.406
-0.2604659625306567,-1,265.524
-0.320771145895027,-1,265.68
-0.3846335218991993,-1,265.718
-0.4260090934914139,-1,265.822
-0.43517684780005506,0,265.918
-0.4179404300192898,1,266.041
-0.37538036526204543,1,266.131
-0.31107983818115337,1,266.221
-0.25623854726926143,1,266.348
-0.22044568876049697,1,266.427
-0.1705688723365153,1,266.548
-0.11507406795426223,1,266.65
-0.058936889535800674,1,266.734
-0.0003638881823601059,1,266.862
0.052307069641885695,1,266.943
0.0640220412270458,0,267.058
0.040920711364264006,-1,267.148
-0.015860697662761436,-1,267.24
-0.0838483774485872,-1,267.367
-0.15108414542902637,-1,267.445
-0.210438763745598,-1,267.59
-0.2569143396079292,-1,267.653
-0.2868979832054467,-1,267.749
-0.32230838780826065,-1,267.87
-0.36303972879191027,-1,267.953
-0.40141879259673274,-1,268.074
-0.4409767798495061,-1,268.165
-0.47952850488371446,-1,268.256
-0.49671293863842747,0,268.382
-0.48841777333850656,1,268.475
-0.4674255096755273,1,268.597
-0.43153982254881396,1,268.676
-0.3790638048222611,1,268.767
-0.3144959313216744,1,268.892
-0.2556871452786432,1,268.981
-0.20014035687033793,1,269.101
-0.1508446475947176,1,269.189
-0.12387422093582356,0,269.281
-0.1403513006217647,-1,269.402
-0.18717776865994562,-1,269.485
-0.2660728110547744,-1,269.609
-0.34480261850965577,-1,269.7
-0.4098940454154726,-1,269.792
-0.4667237253238322,-1,269.902
-0.5169402944895081,-1,269.997
-0.5506742142521639,-1,270.131
-0.5891126883724729,-1,270.211
-0.6294058782794026,-1,270.297
-0.6741938298674223,-1,270.42
-0.7152723498822002,-1,270.509
-0.7334092052570704,-1,270.629
-0.7330026159104546,0,270.717
-0.7236417780764802,1,270.809
-0.6865103308968921,1,270.935
-0.6277498157351928,1,271.019
-0.5701905028897545,1,271.144
-0.5292345166506699,1,271.234
-0.4994662354467937,1,271.318
-0.48257142698008115,0,271.447
-0.4884047773319946,-1,271.529
-0.5073715205513278,-1,271.65
-0.5059122546771693,0,271.733
-0.4957642301629894,-1,271.83
-0.533211294643603,-1,271.944
-0.578324146394444,-1,272.042
-0.6445462258668808,-1,272.164
-0.7371242065473878,-1,272.253
-0.832778527626726,-1,272.339
-0.8697800147411856,-1,272.462
-0.8739721551277597,1,272.55
-0.8309795090108745,1,272.667
-0.7806812506614043,1,272.76
-0.7307153187641917,1,272.898
-0.6953030575890181,1,272.962
-0.6829104370928306,0,273.06
-0.6928802306605499,-1,273.184
-0.7016878099315487,-1,273.267
-0.7258158243088446,-1,273.371
-0.7474690277316213,-1,273.472
-0.7583912429194969,-1,273.573
-0.774108984510616,-1,273.689
-0.7922755450432306,-1,273.781
-0.7996349978742254,0,273.87
-0.8068180763311161,-1,273.988
-0.8181116059907876,0,274.077
-0.8137430912301093,0,274.199
-0.8078057728260934,0,274.286
-0.8052566989772149,0,274.384
-0.8018257532578211,0,274.509
-0.8013486141615632,-1,274.614
-0.8251851466784992,-1,274.712
-0.8526921227491376,-1,274.799
-0.8702144526731861,-1,274.889
-0.8877590614655415,-1,275.012
-0.9027675924155304,-1,275.098
-0.9066886732376951,0,275.218
-0.9091931893499587,-1,275.31
-0.9275027059542138,-1,275.397
-0.9579170743390136,-1,275.529
-0.9928150649707508,-1,275.621
-1.0,0,275.727
-1.0,0,275.822
-0.9979483295816465,0,275.912
-0.9898035439102064,0,276.033
-0.9857784833112903,0,276.119
-0.9879248182032503,0,276.24
-0.9974112907409951,0,276.327
-1.0,0,276.421
-1.0,0,276.545
-0.9997701415710741,0,276.647
-1.0,0,276.75
-1.0,0,276.84
-0.9907530032441182,1,276.929
-0.9570740878401546,1,277.059
-0.8945138695929884,1,277.144
-0.8094739766957642,1,277.267
-0.7042242085472938,1,277.354
-0.6032686554776509,1,277.433
-0.5066001003186382,1,277.561
-0.41284006394411155,1,277.665
-0.32284393656851296,1,277.773
-0.18905373553939542,1,277.854
-0.010217683884583995,1,277.949
0.07384078058265264,1,278.076
0.14969126384280318,1,278.158
0.22190565211479174,1,278.278
0.28643456046185745,1,278.369
0.34447074795844346,1,278.461
0.3890118408640968,1,278.638
0.4140619228261315,1,278.68
0.4181755497238131,-1,278.788
0.3968150977173761,-1,278.881
0.35232753977915765,-1,278.969
0.28568292951907504,-1,279.093
0.20185359471245645,-1,279.178
0.1030344690241316,-1,279.299
0.002634991097133943,-1,279.385
-0.08664848619172605,-1,279.48
-0.16155032982893558,-1,279.618
-0.21873209924526493,-1,279.739
-0.26089195679942345,-1,279.804
-0.28723212872993353,-1,279.902
-0.3076444537933616,-1,279.989
-0.30806790776139703,1,280.113
-0.26270785872064717,1,280.2
-0.19914963963570775,1,280.317
-0.21707289820102682,-1,280.405
-0.2285697891783668,-1,280.498
-0.25111360087940715,-1,280.643
-0.29440738313608106,-1,280.703
-0.3369431618111167,-1,280.829
-0.3698574288880908,-1,280.92
-0.3950527431575851,-1,281.013
-0.41433502550334955,-1,281.135
-0.42171272570236285,-1,281.22
-0.43636544832439117,-1,281.338
-0.46150942370588377,-1,281.424
-0.46986860264606756,1,281.517
-0.44371596911211164,1,281.657
-0.3898946948809111,1,281.732
-0.3070760087336524,1,281.848
-0.18144672986383437,1,281.938
-0.061307692075390774,1,282.028
0.03671334478894872,1,282.156
0.11721272117245918,1,282.237
0.19435393029387016,1,282.361
0.2581138092548916,1,282.452
0.3287108201236366,1,282.538
0.41708618591321267,1,282.689
0.5123530424330998,1,282.75
0.5942295089888345,1,282.875
0.6465166564492195,1,282.955
0.6832934198645253,1,283.047
0.6993534320046602,0,283.176
0.6819163296922974,-1,283.259
0.6249362038818209,-1,283.378
0.5152129204881395,-1,283.468
0.3813663996037844,-1,283.554
0.22266279712381198,-1,283.676
0.06839245861934673,-1,283.773
-0.055255743160603554,-1,283.888
-0.12250968644019211,-1,283.978
-0.17079542057119157,-1,284.062
-0.19766377860255524,-1,284.191
-0.20727925033143824,0,284.282
-0.19614475150468424,1,284.397
-0.18538170463227877,1,284.489
-0.1734257835975277,1,284.58
-0.14759326312992205,1,284.701
-0.115886969888233,1,284.789
-0.11393307220965632,0,284.916
-0.1137246967230704,0,285.005
-0.11164698172637766,0,285.093
-0.12622118604911126,-1,285.21
-0.16634403698816103,-1,285.297
-0.21353655479822564,-1,285.42
-0.2697073381390567,-1,285.508
-0.33200254882479296,-1,285.597
-0.39381155004182866,-1,285.713
-0.4508309350019498,-1,285.836
-0.5085569846557143,-1,285.933
-0.5490241081378198,-1,286.018
-0.5563323498413026,1,286.113
-0.5308441019167545,1,286.253
-0.462590560288465,1,286.32
-0.34346924045625427,1,286.441
-0.19888685211078305,1,286.531
-0.08171339008797218,1,286.617
0.007275022423014921,1,286.735
0.07747642186070247,1,286.831
0.1290538846928566,1,286.946
0.15669232604421546,1,287.041
0.18809662582708286,1,287.129
0.2125701757299927,0,287.248
0.17618600381115512,-1,287.334
0.10552557431605991,-1,287.454
0.022761246991388706,-1,287.554
-0.05695898626835849,-1,287.643
-0.12887268861756707,-1,287.756
-0.15556287050822692,-1,287.848
-0.16460757459993636,-1,287.974
-0.18738694119885546,-1,288.058
-0.22910733753507084,-1,288.153
-0.27627569586842826,-1,288.279
-0.3155348455152487,-1,288.36
-0.34701464366281976,-1,288.48
-0.36099090093708686,-1,288.568
-0.36756831847022275,0,288.674
-0.3744628291351214,-1,288.778
-0.40133420710107603,-1,288.873
-0.4347377035813417,-1,288.989
-0.46126782893882645,-1,289.078
-0.47507194994156476,-1,289.164
-0.4783455590351925,0,289.303
-0.46131312795764967,1,289.374
-0.42973065203407845,1,289.504
-0.3756255039515849,1,289.588
-0.3143087520724316,1,289.695
-0.23468817665409514,1,289.797
-0.13537762772058504,1,289.89
-0.02592613843984315,1,290.003
0.07633186665176583,1,290.099
0.18359390335605053,1,290.189
0.2794436072514668,1,290.311
0.36810888676151254,1,290.401
0.45261269640899426,1,290.52
0.5321094545092144,1,290.604
0.6038872598019498,1,290.701
0.6713405187643617,1,290.828
0.7285109004538954,1,290.904
0.767987485391066,1,291.058
0.7802786191651068,0,291.12
0.7823925733768584,0,291.208
0.7831777563697966,0,291.324
0.7782099639721782,-1,291.425
0.7665077174428399,-1,291.541
0.7557084313553752,-1,291.631
0.7272727272727264,-1,291.734
0.6728806854043541,-1,291.841
0.6039808777741873,-1,291.933
0.5345193623106128,-1,292.048
0.45932151547384903,-1,292.168
0.3724296174478241,-1,292.228
0.2676572783793365,-1,292.356
0.12968904377817925,-1,292.44
-0.039210017211503856,-1,292.561
-0.1440430151760076,-1,292.649
-0.2410949388089323,-1,292.751
-0.3246920072261157,-1,292.861
-0.39568800414473126,-1,292.949
-0.4467403895970329,-1,293.07
-0.4879665006316072,-1,293.157
-0.534982817602693,-1,293.248
-0.5977553249908305,-1,293.37
-0.6593519393503089,-1,293.46
-0.7104897031743312,-1,293.578
-0.7498568942064963,-1,293.672
-0.7759089400857281,-1,293.777
-0.7833019309094935,0,293.88
-0.7892551319192878,-1,293.964
-0.8037548132289112,-1,294.087
-0.8286762566471956,-1,294.184
-0.8425733382434988,-1,294.271
-0.8548503458413405,-1,294.398
-0.8598733869004159,0,294.482
-0.8547556565574603,1,294.601
-0.8337752166581021,1,294.728
-0.8241574908241606,0,294.788
-0.8336534732931149,-1,294.896
-0.8672862051240434,-1,294.993
-0.8876398921443982,-1,295.115
-0.8942005068131209,0,295.196
-0.8811108405703021,1,295.289
-0.8373012652291962,1,295.419
-0.7465212960708492,1,295.492
-0.6458395332269231,1,295.623
-0.5428221013806618,1,295.723
-0.4286764241719214,1,295.801
-0.3103463824184568,1,295.933
-0.18970772574376393,1,296.01
-0.06671987302618254,1,296.129
0.056917277637995145,1,296.218
0.172537402267132,1,296.305
0.28034791548304816,1,296.433
0.3705913120327522,1,296.513
0.44558522486450336,1,296.637
0.5191091992893777,1,296.735
0.5932914896878849,1,296.818
0.6666260855450044,1,296.948
0.7386260134007876,1,297.028
0.8093498904309708,1,297.157
0.8655682709736727,1,297.235
0.8746043340637935,0,297.33
0.8616183751318887,-1,297.46
0.8409039670300946,-1,297.544
0.816379442505569,-1,297.66
0.786836385935485,-1,297.767
0.7802396991586158,0,297.84
0.777051826601376,-1,297.965
0.761026792558323,-1,298.048
0.704767830893958,-1,298.172
0.6506100695289878,-1,298.292
0.60903696489282,-1,298.353
0.577839100361621,-1,298.468
0.5593521449377314,0,298.563
0.5751923094265414,1,298.679
0.5846837828819789,-1,298.785
0.55622288955622,-1,298.853
0.5224639053467874,-1,298.989
0.49536473410347215,-1,299.062
0.47743238734229587,-1,299.189
0.46774251729206706,0,299.277
0.4912480047615153,1,299.368
0.5120976832688553,1,299.492
0.511570128687246,-1,299.586
0.4794659524389231,-1,299.731
0.4537330122915706,-1,299.797
0.43597200804407876,-1,299.883
0.42247202157112085,0,299.998
0.42178665151638084,1,300.087
0.4470596722848945,1,300.207
0.4598697796895981,-1,300.298
0.4303537772006212,-1,300.388
0.4021544066589071,-1,300.514
0.3885462038615184,-1,300.593
0.38584530476422185,0,300.735
0.3890376863349838,1,300.81
0.426390354318281,1,300.898
0.46383771158545795,1,301.017
0.4832625418210985,0,301.108
0.45057219381543523,-1,301.246
0.4055406758109463,-1,301.315
0.328119398045577,-1,301.409
0.21370556925625883,-1,301.539
0.1118802548013278,-1,301.619
0.04040543499995164,-1,301.738
-0.02583243670434121,-1,301.829
-0.09898784075869005,-1,301.922
-0.18138883863534783,-1,302.037
-0.26208068708758725,-1,302.158
-0.33806880397627037,-1,302.249
-0.41384268207916375,-1,302.339
-0.4723631966331192,-1,302.43
-0.5117593289089064,-1,302.557
-0.5438380164344954,-1,302.634
-0.5891376174742677,-1,302.76
-0.6463298515563253,-1,302.851
-0.7035887377050742,-1,302.939
-0.7497452938880056,-1,303.066
-0.7872513639869385,-1,303.148
-0.8053426392314087,-1,303.265
-0.8103891528522319,0,303.357
-0.8184730963693656,-1,303.448
-0.8385829770621673,-1,303.572
-0.8771840453995786,-1,303.658
-0.9280443331460717,-1,303.777
-0.9735391295240096,-1,303.869
-1.0,-1,303.958
-1.0,0,304.082
-0.9975780271167837,1,304.163
-0.8951937811188578,1,304.29
-0.7328610486211057,1,304.379
-0.49951793424343527,1,304.473
-0.18723247679330757,1,304.595
0.20102840694733626,1,304.677
0.5884928342206122,1,304.798
0.9895762013218361,1,304.885
1.0,0,304.977
1.0,0,305.102
1.0,0,305.19
1.0,0,305.311
1.0,0,305.401
1.0,0,305.489
1.0,0,305.608
1.0,0,305.699
1.0,0,305.824
1.0,0,305.907
1.0,0,306.0
0.9936489430245758,-1,306.119
0.9818038638153392,-1,306.213
0.9679317644893077,-1,306.334
0.9572975792348049,-1,306.414
0.9458902218267722,-1,306.503
0.9019789525358204,-1,306.63
0.842524468444144,-1,306.716
0.7734523772998294,-1,306.838
0.6947483611000322,-1,306.964
0.603062007179455,-1,307.023
0.5167305863222156,-1,307.142
0.41718364884075365,-1,307.228
0.2988269464813509,-1,307.344
0.20606265148958336,-1,307.442
0.1473895212673475,-1,307.523
0.12745272502275484,0,307.656
0.13880690127737072,1,307.762
0.17899958068705857,1,307.859
0.20359995500056294,1,307.951
0.21497867640290758,0,308.037
0.20811012589615396,-1,308.161
0.18633857985866076,-1,308.251
0.1515171969441298,-1,308.372
0.11053089109113379,-1,308.461
0.06482373515785622,-1,308.542
0.02650466869164103,-1,308.677
-0.007784902688717121,-1,308.774
-0.05862608535575031,-1,308.877
-0.11134497182421654,-1,309.0
-0.1722619376348714,-1,309.058
-0.24185970402642742,-1,309.188
-0.30568322441423934,-1,309.267
-0.34479796275273833,0,309.388
-0.37713414945949464,0,309.479
-0.4015545260229699,0,309.566
-0.4366070424119687,0,309.7
